00000000101111011110110000001010
00000000000000000000000000000110
00000000000000000000000000000110
00000000000000000000000000000110
00000000111101001001110011111100
11111111100110101001100111000001
11111111101110001000010001001011
11111111111110010101000010000111
00000000000001111111000111011110
00000000000011111101000101110111
00000000000001010110110100101011
00000000000000011111110001111011
11111111111100011110011011101100
11111111111100100010101100001011
11111111111101100110100000010111
11111111111011100111011000111110
00000000000001110110100110100001
11111111111111011101000110110001
11111111111010110111101110001100
00000000000001100110101101100110
00000000000001101111001110100101
11111111111011000111100111001000
11111111111111100100011110110000
00000000000001100110101101100101
11111111111111110000000111001011
11111111111110011001010010100111
00000000000000001011101000100010
00000000000100011100110111101100
00000000000010010110011000010111
11111111111101010101011110011011
11111111111101001110000110011110
00000000000001110110100110100001
00000000000101000100000001100000
11111111111110001001011001101011
11111111111011000111100111001000
00000000000000100100000010011100
00000000000000101011011010011000
00000000000001110110100110100001
11111111111111010000010101010101
11111111111110111001000100011101
00000000000000011011100001011101
00000000000000111011010011010011
11111111111111010100100101110100
11111111111111111011101111100111
00000000000001011111010101101001
11111111111101101001100111110101
11111111111101101101111000010100
00000000000010100110010001010010
11111111111100100010101100001011
00000000000000011011100001011101
00000000000101110011101100010010
11111111111110000101001001001101
11111111111110101001001011100010
11111111111111100100011110101111
11111111111100000111001010110110
11111111111110111001000100011100
00000000000001001011001100001111
11111111111111000100101100111000
00000000000000111011010011010011
11111111111101111001100000110000
00000000000000001111111001000001
00000000000001100110101101100110
00000000000000111011010011010100
11111111111101001110000110011110
11111111111110011001010010100111
00000000000000000100010000100101
00000000000010100010000000110011
00000000000010000010001110111101
11111111111111110000000111001100
11111111111011010111100000000010
00000000000000010100001001100000
00000000000001001011001100001111
11111111111111101011110110101101
00000000000001110110100110100010
11111111111110110100110011111110
11111111111110001101101010001010
11111111111101010010010110111101
11111111111100000111001010110100
11111111111110111001000100011101
00000000000001011011000101001010
11111111111110110100110011111110
11111111111011001011110111100110
00000000000001110110100110100001
00000000000000101011011010011000
11111111111101000010011110000001
11111111111111100100011110101110
00000000000010010010000111111000
11111111111101011101111111011010
00000000000100001100111110110010
00000000000010101101101001001111
11111111111111111011101111100111
00000000000001110010010110000010
00000000000001100110101101100110
11111111111111110000000111001011
11111111111111100000001110001111
00000000000101001000010010000000
00000000000000000000000000000110
00000000000000000111011000000011
00000000000001110110100110100000
00000000000000000000000000000101
00000000000010110001111001101111
11111111111101011101111111011001
11111111110110011010110110100101
00000000000000100111001001111001
11111111111111101000101111001111
11111111111101111001100000110000
00000000000101100011110011010110
00000000001100111111010110000100
00000000010010011011110001010110
11111111110001111010110111100001
11111111111100101010000100001010
11111111110001110010010110100011
11111111110100010100010111010000
11111111111011000011010110101001
11111111111100110010100101000110
11111111111010111111000110001010
00000000001100111011000101100011
11111111111101010010010110111011
00000000000000101011011010011000
11111111111100111110001101100011
00000000000000101011011010011000
00000000000011111000110101011000
00000000000000110111000010110100
11111111111101101101111000010100
11111111111110111001000100011110
11111111111100110010100101000110
11111111111101001110000110011101
11111111111101010010010110111101
00000000000101011000001010111011
11111111111111001000111101010110
11111111111111100000001110010000
00000000000011101101001100111100
11111111111101001110000110011110
11111111111101010010010110111101
00000000000010110001111001101110
11111111111010000000101011011110
11111111111110011101100011000110
00000000000000001111111001000010
11111111111101000010011110000001
11111111111111010100100101110011
11111111111111001000111101011000
11111111111111100100011110101110
00000000000100110100001000100110
11111111111101111001100000110001
11111111111010101100000101110000
00000000000001101010111110000101
00000000000001001011001100001101
11111111111100110010100101000110
11111111111101001110000110011101
00000000000001011111010101101000
11111111111110110100110011111101
11111111111101101101111000010100
11111111111101100010001111111000
11111111111101010010010110111101
00000000000010110001111001101111
00000000000011011101010100000001
11111111111110110000100011011110
00000000000011111101000101110110
11111111111111000100101100111001
11111111111010111011111110101100
00000000000000000000000000000110
00000000000010100110010001010011
11111111111011110111010001111010
00000000000001100110101101100110
11111111111101101001100111110100
00000000000011110001011101011011
00000000000011001101011011000110
11111111111111010000010101010101
11111111111100101110010100101000
00000000000001001011001100001110
00000000000011011101010100000000
11111111110101011000001011011100
00000000000011110001011101011011
00000000000010100010000000110011
11111111111010011100001100110101
00000000000011000001110010101001
11111111111111110100010111101011
00000000000000010111010000111111
00000000000010010010000111111000
00000000000000111011010011010100
11111111111100100010101100001011
00000000000010000110011111011100
11111111111111000000011100011010
11111111111110001001011001101011
00000000000001111010110111000000
11111111111110001101101010001001
11111111111101011001101110111011
00000000000001011011000101001001
11111111111011110111010001111010
11111111111111001000111101011000
00000000000000111011010011010100
00000000000010110110001010001101
11111111111010010111111100010111
11111111111111010100100101110100
11111111111110001101101010001010
11111111111110001101101010001010
11111111111111100100011110101111
00000000000000000000000000000111
11111111111110111001000100011100
00000000000001000110111011101111
11111111111111000100101100111001
11111111111110101101011100000001
00000000000000110111000010110100
11111111111111100100011110101110
11111111111110100100111011000011
00000000000001000110111011110001
00000000000010110001111001101110
00000000000010010010000111110111
11111111111111100000001110001111
00000000000000101011011010011001
00000000000000000000000000000110
00000000000000000000000000000110
00000000000011110001011101011011
11111111111010101100000101110001
11111111111111110000000111001011
00000000000011111000110101011000
11111111111111100000001110010001
00000000000001010110110100101011
00000000000001110110100110100001
11111111111111111011101111101000
00000000000000000000000000000110
00000000000000011111110001111101
11111111111110110100110011111101
00000000000010100010000000110100
00000000000110001111001101101001
11111111111100001110100010110010
11111111111111110000000111001010
00000000000001001011001100001110
11111111111110001001011001101100
11111111111111110000000111001010
11111111111100110010100101000111
11111111111110111101010100111100
11111111111101111001100000110001
00000000000000010100001001100000
11111111111101011101111111011010
00000000000011000001110010101010
11111111111101000010011110000001
11111111111000001101001100100010
11111111111110000101001001001101
11111111111101111101110001001110
00000000000001000110111011110000
11111111111100110010100101000110
11111111111111010000010101010101
11111111111100100110111100101010
00000000001110100110000011100011
00000000001101011111000111111001
00000000011101000011100110000010
11111111100111100110000011001110
11111111101110000100000000101100
11111111110100010100010111010000
00000000000000110010110010010101
00000000000100010001001111010001
11111111111111110000000111001011
00000000000101000100000001100001
00000000000100011000100111001110
11111111111101011001101110111011
11111111111110001001011001101011
00000000000000101011011010011000
11111111111111100000001110010001
00000000000100101000100000001001
11111111111111100100011110101110
11111111111110001001011001101100
11111111111111110000000111001011
00000000000000011111110001111100
00000000000010001101110111011001
00000000000000101011011010011000
00000000000000001111111001000001
11111111111110011001010010100110
11111111111111010100100101110100
11111111111100000111001010110011
11111111111111001000111101010111
11111111111111100000001110010000
11111111111110111101010100111100
11111111111011001011110111100111
11111111111101101101111000010011
00000000000001011011000101001010
11111111111011110111010001111001
00000000000101000100000001100001
11111111111111000100101100111000
11111111111000110101011111010101
00000000000010100110010001010010
00000000000010000110011111011100
11111111111100100010101100001100
00000000000010110001111001101111
00000000000011011101010100000001
00000000000000110010110010010101
11111111111101101101111000010100
00000000000011100001100100100000
11111111111100101110010100100111
11111111111100111110001101100010
00000000000000111111100011110010
00000000000100001000101110010011
11111111111110110000100011011110
00000000000000000100010000100110
11111111111110011001010010100111
00000000000000101011011010011001
00000000000101100011110011010111
00000000000000000111011000000011
00000000000001001011001100010000
11111111111111100000001110010000
00000000000000000000000000000110
11111111111111000100101100111000
11111111111110001101101010001010
00000000000001100110101101100110
00000000000001110010010110000010
00000000000001100110101101100110
11111111111010111011111110101011
00000000000011000001110010101001
00000000000010100010000000110100
11111111111110100100111011000011
00000000000101000100000001100000
00000000000000001011101000100010
11111111111101111001100000110001
00000000000011001101011011000110
00000000000001011011000101001010
11111111111010010111111100010111
00000000001000010001011100100000
00000000000000011111110001111100
11111111111100111110001101100001
00000000000011111101000101110111
00000000000001000110111011110000
00000000000001000010101011010001
00000000000011000001110010101010
11111111111101001110000110011101
00000000000000000000000000000110
11111111111110100100111011000011
00000000000000101111101010110111
11111111111111100000001110010000
11111111111111100000001110010000
00000000000110000011100101001101
11111111111011000011010110101001
00000000000010010010000111111000
00000000000011000001110010101001
11111111111111000000011100011010
11111111111111000100101100111010
00000000000100101100110000101001
11111111110011110100100101011001
00000000001100110010100100100110
11111111111101100110100000010111
00000000000101000100000001100000
00000000011110100110000011000001
00000000010010111111110011101011
11111111100110101101110111100000
11111111101001010111010000001010
11111111111010010111111100010111
11111111111010001000000011011011
11111111111110110000100011011110
11111111110100111111110001100010
00000000000001101010111110000101
00000000001000111101111111110100
11111111111011100011001000100000
11111111111011100111011000111110
00000000001000100001010101011011
00000000000001001011001100001111
11111111111010110111101110001101
00000000000011010101111100000011
00000000000011000110000011001001
11111111111100000010111010010101
00000000000000000000000000000110
00000000000000100010111001011011
00000000000001110110100110100001
11111111111111000100101100111001
00000000000001111010110111000000
00000000000001011011000101001010
00000000000000011011100001011101
00000000000101101111011011110010
11111111111010111011111110101100
11111111111111010000010101010100
00000000001000010101101100111110
11111111111110110000100011011111
11111111111111010100100101110100
11111111111111000100101100111000
11111111111111100100011110101111
00000000000010100010000000110100
00000000000010010010000111111001
11111111111110100100111011000011
00000000000000110111000010110101
00000000000110000011100101001101
11111111111110000101001001001100
11111111111110110100110011111110
00000000000000110011111011010110
11111111111110101001001011100010
00000000000010010010000111111000
11111111111101111101110001001111
11111111111010111011111110101011
00000000000001111010110110111111
00000000000000010100001001100000
00000000000000110111000010110100
11111111111101001110000110011101
00000000000001011011000101001001
00000000000001001011001100001110
11111111111110001001011001101011
00000000000001011011000101001000
11111111111111110000000111001011
00000000000001110010010110000010
11111111111100110010100101000111
00000000000000110111000010110101
00000000000000000000000000000110
11111111111111010100100101110011
11111111111111100100011110110000
00000000000000001111111001000001
00000000000000000000000000000110
11111111111001100000111001101000
00000000000100001100111110110010
00000000000000001111111001000001
11111111111001010001000000101100
00000000000011001101011011000101
00000000000010110110001010001101
11111111111101110101010000010010
00000000000000101111101010111000
00000000000001001011001100001111
11111111111110001001011001101011
11111111111110100100111011000011
00000000000011110001011101011011
00000000000001110010010110000010
11111111111101110101010000010001
00000000000000000000000000000110
00000000000010100110010001010010
11111111111110010101000010001000
00000000000011010001101011100101
11111111111111111011101111100110
11111111111110010101000010000111
00000000000000010100001001100000
11111111111011110111010001111010
00000000000100110100001000100101
00000000000000011111110001111100
11111111111100111110001101100011
00000000000000111011010011010100
00000000000000011111110001111100
11111111111100010010110011001111
00000000000011011101010100000000
00000000000001110110100110100001
11111111111011100011001000011110
00000000000011010001101011100101
00000000000000111011010011010011
00000000000001011011000101001001
11111111111100001010010010010011
00000000000001011011000101001010
11111111110111010011000010010101
00000000000000101111101010110111
00000000000011000110000011001001
11111111111011111011100010011000
11111111111110100100111011000010
00000000000001000010101011010001
00000000000000111011010011010011
00000000000011000110000011001001
11111111111101011001101110111010
00000000000000101011011010011001
00000000000000001111111001000001
00000000000010100110010001010010
11111111111110000101001001001100
00000000000000111011010011010100
11111111111110001001011001101011
11111111111110011001010010100110
11111111111111010100100101110011
00000000000011000110000011001000
11111111111011011110110111111111
00000000000001001111011100101101
11111111111010010000100100011010
11111111111101111101110001001111
00000000000001010110110100101011
00000000000100110101010001100111
11111111111010010000100100011000
11111111110111010110001001110011
00000000000101001000010001111111
00000000000010111101100010001011
00000000000100010100010110101111
00000000000001110110100110100001
11111111111011010111100000000100
00000000000011001101011011000101
00000000000000001011101000100011
11111111111100100110111100101011
11111111111110111001000100011100
00000000000010000110011111011100
11111111111111100000001110001111
11111111111001010001000000101101
11111111111111111011101111100111
11111111111100111001111101000100
11111111111111111011101111100111
11111111111111101000101111001111
11111111110101111111010101001110
00000000000100000001010110010110
00000000001011110111010001011001
00000000001110100001110011000011
00000000010010111010011010001011
00000000000110001101001111001011
11111111100011010011101011000011
11111111110011111000110101111001
11111111111000011101000101011101
00000000000001101010111110000100
00000000000011110101101101111001
00000000000100011111111111001100
00000000000000000000000000000111
11111111111010010000100100011001
00000000000000011111110001111101
11111111111101101101111000010100
00000000000000011011100001011101
00000000000000011111110001111100
00000000000000110111000010110100
00000000000000000000000000000110
00000000000100010001001111010001
11111111111011000011010110101010
11111111111111000000011100011001
00000000000111100010111010110000
11111111111101110101010000010000
00000000000010011101110000010100
00000000000010010010000111110111
11111111111110100100111011000010
00000000000000000000000000000101
11111111111110101001001011100001
11111111111111010100100101110100
11111111111100000010111010010100
00000000000010001010101111111011
11111111111111110000000111001011
11111111111111101000101111001110
11111111111110110000100011011111
00000000000001001011001100001111
11111111111011011011110000100001
00000000000010000110011111011100
11111111111101001110000110011110
00000000000000001111111001000010
00000000000010100110010001010001
00000000000001000010101011010001
00000000000001000110111011101111
11111111111111010000010101010100
11111111111101111101110001001111
00000000000000100100000010011011
11111111111101111101110001001111
11111111111101111001100000110001
00000000000101100011110011010110
11111111111100111110001101100010
11111111111100011110011011101110
00000000000100101100110000101001
11111111111101001110000110011110
11111111111111110000000111001011
00000000000010110001111001101111
00000000000001100110101101100111
11111111111100101110010100100111
11111111111100100110111100101010
00000000000011010101111100000011
11111111111110000101001001001100
00000000000010010010000111111000
11111111111110110100110011111101
11111111111100001011011011010011
11111111111110100100111011000010
00000000000101110011101100010010
11111111111100101110010100101000
00000000000011111101000101110111
00000000000010101001011000110001
11111111111100100010101100001100
00000000000001110110100110100001
00000000000100001100111110110010
11111111111111011011111101110001
00000000000000011011100001011101
00000000000001011011000101001001
11111111111100101110010100100111
00000000000010010010000111111000
11111111111111110000000111001011
11111111111110110100110011111110
00000000000000101011011010011001
00000000000001110110100110100001
11111111111111010000010101010110
00000000000011100001100100100000
11111111111110011001010010100101
00000000000011011001000011100010
00000000000000001011101000100010
00000000000010111001010001101011
00000000000111101110100011001011
00000000000110010111101110100111
00000000010100001001110110110011
00000000000100100010010001001100
11111111101001100100000001100111
11111111101101011000100110011001
00000000000010111001010001101011
11111111110111010001111001010100
11111111111110010000110001101000
00000000000101010011111010011011
11111111111101110101010000010000
00000000000011111000110101011000
00000000000001110110100110100010
00000000000011010001101011100101
11111111111101110010001000110011
11111111111010101100000101110000
00000000000110011111000110100100
00000000000011000001110010101000
00000000000000011011100001011110
11111111111110010101000010000111
11111111111011011011110000100010
11111111111110000101001001001101
00000000000011111101000101110111
00000000000001101010111110000110
00000000000000010111010000111110
00000000000100001100111110110010
11111111111100100010101100001011
00000000000000101111101010111000
00000000000001011011000101001011
00000000000000110111000010110100
11111111111110110100110011111101
00000000000010100010000000110100
11111111111111001000111101011001
00000000000001010010100100001011
11111111111111011000110110010011
11111111111111100000001110001111
11111111111011110011000001011010
00000000000010001010101111111011
11111111111100000111001010110100
00000000000000010100001001100000
00000000000000000000000000000101
11111111111011100111011000111110
00000000000100011100110111101101
00000000000010111101100010001010
11111111111110110100110011111100
00000000000010000010001110111101
00000000000010111101100010001011
00000000000010010110011000010111
11111111111110100100111011000001
00000000000011111000110101011001
11111111111011110111010001111000
11111111111111100100011110101101
00000000000000011011100001011101
11111111111111011101000110110010
11111111111110100100111011000011
00000000000000101011011010011000
11111111111111010100100101110011
11111111111100100010101100001011
11111111111111100100011110101110
11111111111111100100011110101111
00000000000001100110101101100110
11111111111111111011101111101000
11111111111111100100011110101111
11111111111011100111011000111110
00000000000001101010111110000101
00000000000000011011100001011101
00000000000000011011100001011110
00000000000011101101001100111101
00000000000000110111000010110100
11111111111101110101010000010001
00000000000101100011110011010110
11111111111110011001010010100110
11111111111011110011000001011010
00000000000100111000011001000100
00000000000000000000000000000101
11111111111111101011110110101100
00000000000010000110011111011100
11111111111110111001000100011100
11111111111101111001100000110000
11111111111111010100100101110011
00000000000000111111100011110010
11111111111100001110100010110010
00000000000100011100110111101110
00000000000010111101100010001010
11111111111111011011111101110001
11111111111111100000001110010000
00000000000000111111100011110010
00000000000000101011011010011001
00000000000001110010010110000001
11111111111100110110110101100110
11111111111111100000001110010000
11111111111110011001010010100110
00000000000011010001101011100100
00000000000000110111000010110100
00000000000001010110110100101010
00000000000000101011011010011000
11111111111011000111100111000111
11111111111111001101001101110111
00000000000001100110101101100110
11111111111111110000000111001011
00000000000010110001111001101110
00000000000000001011101000100010
00000000000100011111111111001100
11111111111111110000000111001010
00000000000000101111101010111000
11111111111100100010101100001100
00000000000001001011001100001111
11111111111100010010110011010000
00000000000011001101011011000110
00000000000001011011000101001001
11111111111110110100110011111110
00000000000000101011011010011000
11111111111110011001010010100110
00000000000000111011010011010011
11111111111101101001100111110101
00000000000001001011001100001111
00000000000000101111101010110111
11111111111101101001100111110101
00000000000001001011001100001111
00000000000000111011010011010010
00000000000000111011010011010011
00000000000000111011010011010011
00000000000010100010000000110010
11111111111110010101000010000111
00000000000011011101010100000001
11111111111111110000000111001011
11111111111110110100110011111110
11111111111110011001010010100111
00000000000000000000000000000110
11111111111111010100100101110100
00000000000010100010000000110011
11111111111111110000000111001011
00000000000010000010001110111100
11111111111110011001010010100110
00000000000001011011000101001001
11111111111111000100101100111000
00000000000011000001110010101010
11111111111100101010000100001001
00000000000000000100010000100100
00000000000001000110111011101111
00000000000000000000000000000111
00000000000010100010000000110011
00000000000001011011000101001001
11111111111101001001110101111111
11111111111000001101001100100001
11111111111111010000010101010101
00000000000000011111110001111100
11111111111011010011001111100011
00000000000000110111000010110011
00000000000101011000001010111011
00000000001110101101011011100000
00000000011100101000000100101010
00000000001110111111100110011100
11111111011000101110111101110110
11111111110100101110101111100110
00000000000000000111011000000011
00000000000110111110111000011010
00000000000101011111100010111000
00000000000100001000101110010011
11111111111110000101001001001100
11111111111110110000100011011110
00000000000000110011111011010111
11111111111101110101010000010001
00000000000101100011110011010111
00000000000010000110011111011100
11111111111101001001110101111110
00000000000010000110011111011101
00000000000010010110011000010111
11111111111001111000001010100000
00000000000011010001101011100100
11111111111111001000111101011000
11111111111110100100111011000010
00000000000011101101001100111011
00000000000001000110111011110000
00000000000000110111000010110101
11111111111111100100011110101111
11111111111110001001011001101011
00000000000101111111010100101110
11111111111111010000010101010101
00000000000001110110100110100010
11111111111110010101000010000111
11111111111111110100010111101010
00000000000001001011001100001111
00000000000010011101110000010100
11111111111010111011111110101100
11111111111111010100100101110100
00000000000010000110011111011101
11111111111101011101111111011001
11111111111111010100100101110100
00000000000010110001111001101110
00000000000001110110100110100001
00000000000010011101110000010101
11111111111111111011101111101000
00000000000100110100001000100101
11111111111111100000001110010000
11111111111110000101001001001101
00000000000011100001100100100000
11111111111101101101111000010011
00000000000000001011101000100010
00000000000001110110100110100001
11111111111100000111001010110101
00000000000010010010000111111000
00000000000011010001101011100100
11111111111111010000010101010101
11111111111111110000000111001011
00000000000010000010001110111101
00000000000001000110111011110000
11111111111100100110111100101010
00000000000001100110101101100101
00000000000000000100010000100101
11111111111110010101000010000111
11111111111111010100100101110011
11111111111101110010001000110010
11111111111101111001100000110000
00000000000011101101001100111100
11111111111110011001010010100110
00000000000000110111000010110100
00000000000011101101001100111100
11111111111101011101111111011000
11111111111101011001101110111010
00000000000000111111100011110010
00000000000010010110011000010111
00000000000001111101111110011110
11111111111100111110001101100011
00000000000000001111111001000000
11111111111101110101010000010001
00000000000000000100010000100110
00000000000011000001110010101010
11111111111110110000100011100000
00000000000001101010111110000101
11111111111100010111000011110000
00000000000011001001001010100110
00000000001001110101000010100001
00000000010101100000101011011001
00000000001110100010111100000100
11111111111011110011000001011010
11111111100010100101001001010010
11111111110101100101110010010101
00000000000010011101110000010100
11111111111100110101101100100101
11111111111011011110111000000000
00000000000000010100001001100000
11111111111100101010000100001001
00000000000110000111110101101100
00000000000000011111110001111100
11111111111111010100100101110011
00000000000001001011001100001111
00000000000100011100110111101110
11111111111111001100000100110110
00000000000000101011011010011001
11111111111111000100101100111010
00000000000010111101100010001010
11111111111110100100111011000011
11111111111111011000110110010010
00000000000110000011100101001100
00000000000011001001001010100111
11111111111110001001011001101011
00000000000010010110011000010111
11111111111110110100110011111110
00000000000010010010000111111000
00000000000011101101001100111100
11111111111111101011110110101100
00000000000001000110111011110001
11111111111111010100100101110100
00000000000000011011100001011101
11111111111101000010011110000001
11111111111111110100010111101010
11111111111100100010101100001100
00000000000001001111011100101101
11111111111101111101110001001110
00000000000001110010010110000010
00000000000000111011010011010011
00000000000000011111110001111100
11111111111110010101000010000111
00000000000111101010010010101100
00000000000011011001000011100000
11111111111011111110101001110110
00000000000000101111101010110111
00000000000000110011111011010111
11111111111101110101010000010001
00000000000100001100111110110001
00000000000010010110011000010110
11111111111110110100110011111101
11111111111101101001100111110101
11111111111101000010011110000001
11111111111110011001010010100101
00000000000001011011000101001010
11111111111111110100010111101011
11111111111101111001100000110000
00000000000010100010000000110011
11111111111111000100101100111000
11111111111110110000100011011110
00000000000000101111101010111000
11111111111111100100011110101111
11111111111100010010110011010010
00000000000011101101001100111110
00000000000000110111000010110101
11111111111101111001100000110000
00000000000010000110011111011011
11111111111101010010010110111101
00000000000010011101110000010100
00000000000100100100001111101010
11111111111110001001011001101100
11111111111010001100010011111010
00000000000100000001010110010100
11111111111101010010010110111110
11111111111100101110010100100111
00000000000001001011001100001111
00000000000001101010111110000100
00000000000011100100101011111110
00000000000000101011011010011000
11111111111110001101101010001010
11111111111110000101001001001100
00000000000100101000100000001010
00000000000010010010000111111000
11111111111011000111100111000110
00000000000100001100111110110010
00000000000000111011010011010011
11111111111100000010111010010100
11111111111110001001011001101011
00000000000011000001110010101010
00000000000101001111101001111101
00000000000001110010010110000011
11111111111110011001010010100111
11111111111111100000001110010000
00000000000000011111110001111100
00000000000000001111111001000001
11111111111111111011101111100111
00000000000000001111111001000001
00000000000010100010000000110100
11111111111111100000001110010000
00000000000010111101100010001011
00000000000011101101001100111011
11111111111101100101010111010111
00000000000000000000000000000101
00000000000000100100000010011011
11111111111110110000100011011111
11111111111111110100010111101010
11111111111111110000000111001010
11111111111111110000000111001011
00000000000001010110110100101010
00000000000000111011010011010100
00000000000001110110100110100001
00000000000011101101001100111100
11111111111110011001010010100110
00000000000000100111001001111011
11111111111111110000000111001100
11111111111110101001001011100010
00000000000010010010000111111000
00000000000000000000000000000111
00000000000000111011010011010011
00000000000010111001010001101100
11111111111100101110010100101000
00000000000100000001010110010110
11111111111111010000010101010100
00000000000010000110011111011100
00000000000000000000000000000111
11111111111110010101000010000111
00000000000011011101010100000001
00000000000000000000000000000110
00000000000000110111000010110101
00000000000000101011011010011001
00000000000000101011011010011001
00000000000010000010001110111100
00000000000000111011010011010010
11111111111110101001001011100001
00000000000000000000000000000110
11111111111101100010001111111000
11111111111011011110111000000001
11111111110110101010101111100000
00000000000011101000111100011100
00000000000011010001101011100100
11111111111011000011010110101001
00000000000000001111111001000001
00000000000111111110011100001000
00000000010011011010001100000010
00000000001100010111000011001110
00000000001101001111001110111110
11111111101000011000110101011111
11111111110100001011110110010010
11111111111010111111000110001010
00000000000000111011010011010100
11111111111110011101100011000101
00000000000100000001010110010101
11111111111110011001010010100111
11111111111110011001010010100111
11111111111111110000000111001011
11111111111111111011101111100111
00000000000010010010000111111001
00000000000001111010110111000000
11111111111110010101000010000111
11111111111111010100100101110100
11111111111011101011101001011101
00000000000001011011000101001001
00000000000011011001000011100001
11111111111111110000000111001011
00000000000001000110111011101111
00000000000000011111110001111100
11111111111101111001100000110000
00000000000000001111111001000001
00000000000011011101010100000000
00000000000000101011011010011000
11111111111100001110100010110010
00000000000010001010101111111100
00000000000001100110101101100111
11111111111100000010111010010101
11111111111110011101100011000100
11111111111111110100010111101010
11111111111101001001110101111110
11111111111111100100011110101111
00000000000011100101110100111110
11111111111100001110100010110001
11111111111010010000100100011001
00000000000001000011110100010010
00000000000001000110111011101111
00000000000001000110111011110000
11111111111110001101101010001010
00000000000000011011100001011110
00000000000000111111100011110010
11111111111110110000100011011110
00000000000100101111111000000101
00000000000100011000100111001110
11111111111111100100011110110000
00000000000010101101101001001111
11111111111100001110100010110001
00000000000000100100000010011100
00000000000010001101110111011001
00000000000001001011001100001111
00000000000001001011001100001111
00000000000000010111010000111110
00000000000110011010110110000100
11111111111111100100011110110000
11111111111011010011001111100011
11111111111110101001001011100010
00000000000010001010101111111100
00000000000000001011101000100010
00000000000001010110110100101011
00000000001010001100010011011010
00000000000001110101011101100000
11111111111110001001011001101100
11111111111111110000000111001010
00000000000010111101100010001011
00000000000011101101001100111011
11111111111001100000111001101000
11111111111100100010101100001011
11111111111110010001111010101001
00000000000010001010101111111010
11111111111111101011110110101100
00000000000010110001111001101110
00000000000000111011010011010011
11111111111110100000101010100100
00000000000000000000000000000111
00000000000000001000100001000100
00000000000001100010011101000111
00000000000000100111001001111010
00000000000000111011010011010100
11111111111111010000010101010101
00000000011110100101101111011111
00000000001100101110001110111001
00000010111101111011000000010010
00000010111101111011000000010010
00000010111101111011000000010010
00000011001110010011101101001110
00000001000101100110101010011101
11111101011111111110011111100001
11111101000010110100010111000101
11111101111000110011010110100111
11111110010001100011011011010111
11111110010101110100101010100010
11111110010000001010101000010101
11111101111011010111101001010101
11111101111000001001000101010110
11111110000101101110011100000100
11111110000001000001101011100100
11111110001100010010101000011111
11111110100011010101110000110010
11111110001111101001101101011100
11111110010010101001001101111111
11111110101001011000001100110111
11111110011000110110011101000100
11111110010001010111110010111010
11111110010101100111111001000100
11111110011011100010111101001100
11111110011111100111011010111100
11111110100100100001110010010111
11111110111100000110101010111101
11111110111101000100010000001011
11111110011111001000110010000110
11111110011001110111111111001110
11111110100101101100111110011111
11111110111000110100111111011110
11111111000000010111111010001000
11111110111000001001100101001011
11111111000110101001000110001000
11111111001110010110100000001101
11111111010110110011100101000011
11111111011000000110001001001001
11111111011111110111110011101101
11111111100001010001101111101111
11111111101101111110111010101111
11111111110110101011111000100001
11111111111001100100000001000101
00000000001111011010110100001101
00000000001001011111110000000101
00000000001010111101111100100111
00000000010011011011000001011101
00000000010001010101101011001001
00000000001001111110011000111011
00000000010111111111010001000010
00000000010010000001000101011010
00000000001010011111010011110010
00000000000101010011111010011100
11111111111101001111001111011110
11111111110011110110110111011010
11111111110000000010010010101000
11111111101001010100011100001111
11111111100000101011101110111100
11111111011000101110011011111110
11111111010110011000000011101100
11111111010111101110111000010001
11111111011000100010110011100001
11111111010000011001111000000100
11111111001011000001101101010001
11111111001111111010000110001111
11111111001011011010000111001010
11111111000101000111110010001000
11111110111100010111101100111001
11111110101111010110011000011110
11111110101110011011000101010001
11111110101010011111001000100000
11111110011110100000011111010001
11111110100011010000010111010010
11111110100100011011100011011010
11111110100100111111100101110000
11111110011101100110010101000101
11111110010010011011100111000110
11111110001110011110100001010110
11111110010000001001011111010100
11111110001010010010101011101001
11111110000100100111100000011100
11111110000011011011001011010011
11111110001111111100101101110110
11111110010111000111001110100110
11111110010110110011000101001101
11111110011011001110110011110010
11111110100011000100101110110110
11111110100101100110101111100011
11111110100000010011111110001110
11111110010100101101101110111000
11111110001111100001001100011110
11111110010110100111011100110000
11111110010111000111001110100110
11111110010110000011011010011011
11111110100000011011010110001011
11111110011000011100000100101111
11111101111101010101100111101110
11111101111110010000111010111011
11111101111010010100111110001011
11111101110000001110000100011000
11111101011110110010001010011000
11111101000010011111011000001111
11111101011010100101101101100100
11111110101000101111100110011111
11111111011101000101100110100000
00000000011101010001101110110011
00000001011011011111010110110101
00000000101111001110111100011101
11111101001011001111000000110101
11111000110111010011111001000110
11110101110011111101010011000010
11110011101111110100000110111111
11110011010011001010111001011010
11110100000000111101100010011111
11110100111111100110111010001100
11110110111101011100010100101000
11111000000010101001101010011011
11111000001110011010011001001110
11111000100101110101100111110100
11111001000110001000010011101001
11111001110101000111010001110110
11111010100100011010011001011101
11111011010010011010111100111110
11111011111010011100001011110111
11111100100000110110101101010010
11111101001010011001010000001100
11111110000101110101100000011110
11111111000011101100011001100001
11111111110010101010100010010001
11111111111111100110011101001011
00000000011001110111110101111011
00000000101100011000101101000110
00000000110110111111011000110001
00000001000011010100001001111001
00000001010001100000101010011011
00000001011011010011011010110100
00000001101011010101011000110010
00000001111011101111110000100110
00000010000110001101111011010011
00000010011001001010010011110111
00000010100000101100000101100001
00000010100101110011001110011000
00000010101100010110100101010101
00000010101000100000110111100001
00000010110101101100101011010110
00000011000111000110100110111010
00000011001010101000001011010010
00000011001000110000011011110110
00000011011001111010011110011110
00000011011001101110110110000001
00000011011010001010010111011001
00000011011011110101010101011001
00000011010111010101010110010011
00000011010011011000010000100010
00000011010011110100111010111011
00000011000101010001001001011111
00000011000001101100011101100111
00000010110101000100101100000111
00000010011010100011011010011101
00000010000111101010001001011000
00000010001000010110101100101010
00000001110101110011110111000000
00000001011011111100110110101001
00000001010001000010000001100101
00000001001110101100110010010100
00000000111101000101001111111000
00000000011101011100110101010110
11111111111110101010010100100000
11111111110010101111111011110001
11111111101101001101010001100001
11111111011100001000101000011010
11111111010000101000100111111111
11111111010100100010100110010010
11111111000110110010110000000110
11111110111101101101011000011101
11111110111110000110111011010110
11111110100111110100100110110110
11111110101001110010100101001101
11111110101101001000100001001011
11111110100100110011111101010011
11111110011101111001010101011110
11111110011010100111101010000000
11111110100001010001001111111001
11111110110000100100101100000101
11111110110001110101010001101101
11111110011111100111011010111100
11111110100110100101001010001110
11111110101010110010001000111011
11111110101011011001010010101110
11111110101101110111000010111100
11111110110010000101001010101001
11111110011010101000110011000000
11111110010101101111010001000001
11111110100011000000011110010111
11111110100110101101101011001100
11111110100101010110110110101000
11111110100011110000001001001000
11111110100011011101001000101111
11111110011010001100001000101000
11111110011110000100111101111011
11111110011111101100110100011100
11111110010000010000110111010000
11111110010011010110111010010100
11111110001011111100100000100111
11111110010001110010001011010001
11111110100110111100011011000110
11111110110001111011100000101010
11111110110100111001000010101111
11111110111000101001010111000011
11111111000000100110101010000010
11111111000110000001111100010101
11111111001100011101111011010101
11111110111000100100010001000111
11111110011111010000001010000011
11111110011111010111100010000001
11111110100010111001000110011010
11111110100001011001110000111000
11111110100110111101100100001000
11111110100011000000011110011000
11111110101000001011110111101110
11111110101101101111101010111111
11111110101001110110110101101101
11111110101011100100111011001010
11111110110001010001001111011000
11111110100001100011011010110100
11111110010011011010000001110001
11111110011000001110001010010000
11111110010110101011101101001111
11111110010101001000000111001110
11111110011110001100010101111000
11111110100111101000111110011001
11111110100011001100000110110100
11111110101011101101011100001000
11111110100110110001111011101011
11111110100011100100100000101011
11111110011101110011000110100001
11111110000101110011100010000010
11111110101110101111110000100101
00000000001000101101011111101111
00000001100011000101100111010000
00000011001101011101101110010010
00000100110011001111010011101110
00000110110001110010000110111000
00001000101011010001001100001110
00001001011010011111110101000000
00000111110111010000000001111110
00000011000110001011001010100111
11111101110010000110011010111100
11111011110000010101100101101000
11111011100101100000101011111101
11111100100101010011100100111000
11111101000000000001101000000001
11111101010000101111000000010000
11111101011111011000001011001010
11111101010011111010011100110001
11111101001001101110001001011110
11111101001101110101101110101010
11111101011011000101110010111110
11111101110000001011110010010101
11111101111011111011101011101011
11111101101110111110100111110000
11111101100111111111101111011100
11111101101100101000001111011110
11111101101001101001100100011010
11111101110111100001111011100010
11111101111111100011011111000000
11111110000000000011010000110111
11111101111111010011100110000101
11111110000001001010001100100001
11111110000010101100101001100010
11111110000100110001111111110111
11111110010010111011011000111011
11111110001000010100101101010001
11111110000000100110001010001100
11111110001000101111000101101000
11111110001100111100000100010100
11111110001111001000110010100110
11111110011100010110111000011101
11111110010110111110101101101001
11111110100010111011000100110110
11111110111000000010001101001110
11111110111001100001100010110001
11111110111000001101110101101011
11111110111110000101110010010101
11111110110101100000001100100001
11111110111101010001110111000101
11111111000000100011100010100011
11111110110111001000000011000010
11111110101111100000110111111010
11111110111111100111000110010111
11111111001001110110100001000111
11111111001110000110100111010011
11111111011001110001000111000111
11111111011001100101011110101100
11111111011001001101000100110100
11111111100010101001101101010100
11111111011100010011000111110101
11111111011101000010110010100110
11111111010110011100010100001011
11111111010100100101101101110000
11111111010100010101110100110101
11111111010101110101001010010111
11111111001111100101111100110011
11111111010000101000100111111111
11111111010111101110111000010001
11111111010110111100000110000001
11111111010101001000100111000100
11111111011011101011111110000010
11111111010100011110010101110010
11111111010000100001010000000010
11111111001101110000011111011011
11111111000011000001010010110010
11111111000001011101101100110001
11111111001000011001011101100111
11111110110110011111110000001111
11111110111110110110010010100011
11111111011000011011011011100100
11111111001001001100001111110110
11111111000100011000000111010110
11111110111101101110100001011110
11111110110001110111010000001011
11111110111011111111010010111111
11111110110110010001000000010100
11111110101011111001000100100100
11111110101011100000101010101011
11111110110110101011011000101010
11111110111001010100110001010101
11111111000010001100001110100001
11111111010111101010100111110010
11111111010111001111000110011011
11111111100000100000111011111110
11111111111111100011010101101101
00000000001010100101100010101110
00000000011100010101100110001001
00000000110101010001010011010100
00000000110011010001000010111010
00000001100000000100001000010001
00000010001111001001111100100100
00000001110001110110110001010000
00000001100001100010011010000011
11111110111110101000110110001001
11111000000110000111001000110100
11110001111100101010100011011010
11101111100101100011110101110100
11101110111110101101011111100001
11101111001110011100001001011111
11110000000111111110011000010011
11110001111100101110000111100001
11110100001101000001010001101011
11110101011000101101011010010111
11110110011000010100010111010011
11110111110001010101101010010010
11111001010010100100011100101110
11111010001011110101111101001011
11111011010101110101111110110111
11111100010011111111000010110111
11111100101001010100111011001001
11111101000000100011011000010100
11111101100110101011101110110010
11111110101111110000011101010010
11111111110010000111010101011000
00000000110000010010010111110101
00000001011101110100010010100001
00000001111000111100101101111111
00000010010111001110010011111101
00000010110000101110000011011110
00000010111000110000011100011000
00000011100011100111110101011000
00000011111100111111000011111100
00000100001101111000000100100110
00000100100000110011010100001001
00000100111000010111000011101111
00000101001101001000111001101100
00000101100010000011010000100110
00000101101111100111011110010101
00000110000000001111011101000101
00000110100101101000011100010101
00000110110000110111011010110011
00000110111001101010100111100001
00000111010000101000010110010011
00000111001101110111100101101101
00000111000011111111011011110011
00000111000001000111010011001111
00000110101101010011110111111100
00000110100101110010000110010100
00000110011100110000001001101100
00000101111000001011000101101011
00000101011111100000011010011101
00000101001010101010010100000010
00000100110101001001111100010011
00000100010011000011110001100010
00000011110001011001001000001000
00000011001011001110011111101011
00000010100100110010110101010000
00000010001010000010110011101010
00000001101000100101110001001011
00000001100000111100100111100101
00000001010101111010011010100011
00000001001000011010011101010100
00000000110110100110001001011010
00000000100001110100010011011110
00000000001010010111111011110100
00000000000011100100101011111110
00000000000011000010111011101001
11111111101100011101100110101111
11111111101001111001010100000000
00000000000001011111010101101000
11111111110101110100110101110011
11111111111000110010010111110110
11111111110110011101001000100111
11111111101010000100000111000001
11111111011101010101110011000000
11111111100011111001001001111101
11111111010111010100011111111010
11111111000111101100111010010011
11111111001010011101101010111011
11111111010110000000110010110100
11111111001110111110110011000001
11111111001111000011000011100000
11111111000101100011010011011111
11111110111111011011011101111001
11111111001001100011100000110000
11111111000100001100011110111010
11111111000000111001101010011010
11111111001101100100110110111110
11111110111110010101101011010001
11111110111000101101100111100001
11111110111100010011011100011001
11111110110010010011111010100011
11111110110000010000100010101011
11111110111000001110111110101100
11111110101101101011011010011111
11111110110011101001100110000110
11111110111010101100101110111001
11111110110011101011111000001001
11111110011100110101100001010011
11111110101010000001010101001000
11111110110111110110100100110100
11111110111101100011101110011110
11111111010110110111110101100010
11111111010001000011010011111010
11111110110001001100111110111010
11111110101100001010111011111101
11111111000110000000110011010101
11111111011010100101000010010111
11111111001111101110011101110011
11111111001011101000110111000100
11111111010011101010011010100011
11111111010101010010010001000011
11111111000011010101011100001100
11111110111100011010110100010110
11111110111001111101000100001000
11111110111000000010001101001111
11111110111100101101110100110001
11111111000101110111011100111001
11111110110101000100101011001011
11111110111111101011010110110101
11111111000010110001011001110111
11111111000010100000010111111011
11111111010000111110101111110111
11111111101101000010110010000101
11111111000111010001101100100001
11111110001110111110010011001010
11111110010110000010010001011010
11111110101001111110001101101010
11111110110000110000010100100001
11111110110110100000111001001111
11111110100110011110111011010010
11111110011011011110101100101101
11111110100010000101001011001011
11111110100111010001101101100001
11111110011111101111111011111010
11111110011100001011010000000001
11111110010011100110110011001111
11111110001010100001011011100011
11111110010111010110110011111110
11111111001100100010101101101101
00000000011101001110010011110001
00000010001001011001111001101111
00000011011100001011111111001010
00000101010101010001001110000000
00000111011001011010000110011101
00001000101010001000100101101010
00001000001001001011000110101011
00000101100010101010010001010110
11111111111011101110000000101110
11111100100110010010100110101101
11111011100110110010011010100101
11111100000110110000111100111111
11111100110100000001000000010011
11111100110011010001010101100001
11111100111001001101100010101011
11111100101100110100100001000101
11111100100010011000010100110110
11111100100011100111110001011110
11111100100000101001000110011000
11111100101101001110111001011011
11111100101111010100001111110001
11111100111101011000001111010110
11111101001001011000000001100110
11111100110001111111111010011101
11111100101010000111101101011000
11111101001000111111100111101110
11111100111001001010011011001110
11111100100110111000010011111011
11111100101011010000111011000011
11111100101000100011010001111011
11111100101000101010101001110111
11111100101101101110101011010010
11111100101101111010010011101110
11111100101111101111110001001000
11111101000010001000000111010110
11111101001010001001101010110101
11111101001110100011011010111110
11111100111100100101011101000110
11111101000011000111101011000011
11111101000110010001111110100011
11111101000000101001111010110100
11111101000010010100111000110011
11111101000010110111110010001000
11111101001001111010111010111011
11111100111110001100001010100101
11111101000010011000000000010010
11111101001011101111001111010100
11111101011110000111100101100001
11111101101100011000010110100011
11111101101000100000101010010011
11111101011010111011010011100011
11111101011111011011010010101001
11111101011101101010000101101110
11111101010001011010011010100010
11111101100110000100111000100010
11111101101100000001000101101011
11111101100111000000001011110001
11111101110001101011000111111001
11111101110111000011010010101101
11111101110001010011110111000000
11111101110100011101000001100000
11111101111000111110001001100111
11111101101001110011001110011000
11111101100011001111110111011010
11111101100110000001110001000011
11111101100110000010111010000110
11111101010111011001101111001000
11111101100011111011010001101100
11111101100011000001000111100001
11111101011101010001101011110100
11111101010111000010011110010001
11111101011010100100000010101100
11111101011001000000011100101010
11111101100001000011001001001001
11111101010000000001100111100000
11111101001000100111001101110100
11111101001010100110010101001101
11111100111110110000001100111011
11111100111101111111011001001010
11111101001011110111110000010010
11111101010101011110111000010000
11111101100110111111000010101111
11111101111111101101111110011101
11111110010001010010011001011011
11111110101010100101010111011101
11111110110001111000011001001100
11111110101100110011001110110000
11111110111001100000011001110001
11111111000101110100000001110111
11111111101000011001001001000001
11111111011011100001110010001010
11111110001100001011010101110000
11111010111110011100000011110001
11110100111101001110101101111101
11110000001011011100111010100000
11101110100110001100011110010000
11101110011000111101001111010111
11101110111001000011111111001011
11110000011011000110011001010011
11110001111010010011110010010110
11110011011111110010010111010111
11110101010000011101111100011010
11110110101111000101010100101010
11110111110110011001111111001111
11111000011101100011000010011011
11111001010111011011101100101100
11111010010110011011110011011001
11111010110010001000010001001011
11111011001000111111011101011101
11111011101100111100001110101000
11111100010001101001100000000011
11111101011100111100000101110110
11111110100010011010001001111111
11111111001001010011010100001111
00000000000010000011000100011001
00000000100110100000110000011100
00000000111111110010100101011110
00000001011000101010000010001010
00000001100011100111111110101101
00000001110110110011000111001001
00000010001110001110010101110001
00000010100111101110000101010001
00000010101010010010000100011100
00000011000100101000110110101010
00000011000111101001100000001110
00000011010100111100101011111111
00000011110110101011100101111001
00000100001110000000100101100011
00000100011010101101110000100100
00000100100001010100001111000000
00000100100101100100010101001010
00000100110001100001110101011010
00000100111000000101001100010111
00000100110010100010100010000110
00000100101001010001100010000000
00000100101100001111000100000100
00000100101101000100001000010101
00000100010100111001001110111100
00000100000000010110001000111010
00000011110010100111011011110000
00000011011000001101100010000010
00000011000110011100010101101001
00000010111101000011001000001000
00000010001111001110001101000011
00000001101110111101011111101011
00000001010110001011011100011111
00000000110111100101101101000110
00000000011111101101110100001000
00000000001101101101110111110010
11111111110110110101100010100001
11111111100001101011010010101001
11111111010110011101011101001100
11111111000011011001101100101011
11111110111000111010011000111111
11111110101110111111000111100110
11111110100101110110101000011101
11111110100011000001100111011001
11111110010101111101001011100000
11111110001000010011100100010000
11111110010001111110111100101110
11111110010110000001011011111110
11111110000100000011011110000111
11111110001011011000011110010010
11111110010010101111110000011111
11111110000111110011110010011011
11111110010010000011001101001100
11111110010100001010110101100011
11111110000100100111100000011011
11111110000010000001001111010000
11111110000101001011100010110001
11111101110111100110001100000001
11111110000000011010100001110000
11111110000001100010100110011010
11111101110110101111001001010010
11111101111001111011011011010011
11111110001000100111101101101010
11111110000111000101010000101010
11111110000100101010100111111010
11111110001010011111011101000111
11111101111001001100111001100001
11111101111100010110000100000001
11111110000010000101011111101110
11111101111110010000111010111011
11111101111100011010010100100000
11111101111100001110101100000101
11111101111000000001101101011001
11111110000000101110101011001010
11111101111110001100101010011011
11111101111110101100011100010010
11111101111110100000110011110110
11111101111000101010000000001100
11111101110101000111010010110010
11111110000101110101110100000011
11111110001010100010100100100100
11111110000001100010100110011010
11111101111010011000000101101011
11111101111000010101110110110010
11111101111011101001100000101110
11111110001101011011110110001010
11111110000111100101000010100001
11111110000011011000000011110100
11111110000101011110100011001011
11111110000101001010011001110000
11111110000111111111011010110110
11111110010101001111011111001011
11111110100100101011011100010101
11111110100001011001110000111000
11111110101001001110100010111001
11111110110011010010010101001111
11111110110110111111100010000100
11111110110101010001011100101001
11111110101110100011100110001111
11111110100001110110011011001111
11111110011100100010100000111000
11111110011001000110010110000000
11111110001101000000010100110010
11111110001000001100001100010011
11111110000111101000001001111110
11111110001100110111110011110110
11111110010000011100011111101100
11111110010100011001100101011101
11111110010100000001001011100101
11111110011011001011101100010100
11111110011011000000000011111000
11111110010101001101100000101111
11111110001101001000110101110001
11111101111100011010010100100001
11111110000000001110111001010011
11111110000000110001110010101000
11111110001010010101110011001000
11111110010000011100011111101100
11111110010100110110001111110101
11111110000011101100001101001110
11111110000001110101010011001111
11111111000000110010110100010111
00000000101010101011001001100010
00000010001100111100010011100100
00000100001000101110000010100100
00000110100101010011101011110100
00001000101001110110000111001010
00001001100010111111001011111001
00000111001101010111111110010101
00000000000111100101100101100100
11111011101111110010101100010100
11111011100000111001010100111010
11111100011001011101011100100111
11111100111010011010101101010001
11111101000101001011000010111011
11111100111000111101101001110001
11111100110001011101110110100101
11111101001000001011101100011110
11111101000101001101000001011000
11111101011001101110111110011001
11111101101001100111100101111101
11111101011010111111100100000010
11111101011011110010010110010010
11111101011110110101010001110110
11111101001010110101000101001000
11111101010101011010100111110001
11111101100110110101101100010110
11111101011101110100100101001001
11111101100100010110110011000100
11111101100111101000011110100010
11111101100110100100101010011000
11111101101111000101111111101101
11111101101100111111100000011000
11111101110010100010001010100111
11111101111000011010000111010001
11111101110110000111111111011111
11111101110001101111011000010111
11111101110110010011100111111100
11111101110101111100010111000011
11111101110000001000101010111000
11111101110010100011010011100111
11111101101111110000010000111110
11111101111110000100001001011111
11111110000101001110101010010000
11111110000110011100111101110101
11111110001111100001001100011111
11111110010100111101100111110011
11111110001100010000101010000001
11111110001010100101101100000011
11111110010001000011101001100000
11111110011000000010100001110011
11111110010101101011000000100010
11111110101010100101010111011101
11111110110001101100110000110000
11111110101001001110100010111000
11111110110101010000010011100110
11111110111011001000010000010001
11111110111000000101010100101101
11111111000110111010001000000100
11111110111101001110101111100111
11111110110100111101010011001110
11111110110100100100111001010100
11111110111100011101111011110101
11111111000101000111110010001000
11111110111110010100100010010000
11111111000100010100111111111000
11111110110011110110010111100100
11111110110010110110110011111000
11111110110101001010000100101010
11111110100110111001010011101001
11111110101010111001100000111000
11111110101101011100101010100101
11111110100010010000110011100111
11111110101011111001000100100011
11111110101000110001000011000100
11111110011001001100100100111100
11111110100101011110001110100101
11111110101001110011101110001101
11111110011101011001100011101000
11111110011110100000011111010010
11111110100011100011010111101011
11111110101110110000000100001000
11111111010010000101101011100001
11111111101110010001111011001010
11111111111110101011001001111111
00000000011011000011000010000011
00000000101011001010011001100000
00000000101110101100110011010111
00000001010010110001010000000011
00000001000001100001100101100111
11111110101100010111100100010100
11111000111111101100110010101011
11110010100110110111001001010000
11101110011000111010011011011101
11101101111101100100111010111111
11101110010110001101010100001100
11101111001111101111100011000010
11110000111011110001011111000000
11110010100011001001110001111101
11110100101010110101000100010000
11110110011000101000100000101110
11110111100110010001011110110010
11111000110000000001100111100100
11111001110110101101111111010101
11111010100010001111101001101000
11111011011011000101101000101111
11111100011001000011111001101101
11111101010111100000110011100010
11111110011101110111111000111001
11111111100100010111011111001110
00000000011111011001010111001010
00000001000111000111100101101011
00000001101000000011101101010011
00000010000010010101000110000001
00000010010101101000101111011100
00000010100111100100011011010011
00000011000001010111001011001101
00000011001001101011101111000101
00000011011001000101011010001110
00000011110010101111101001001000
00000100000110000010001001100100
00000100100001111110100000010001
00000100110111011011110000100001
00000101001011100010001100001011
00000101100100111100100010001100
00000101110011111000101101100001
00000101110111100111111000110100
00000110001110110100010111100001
00000110011101010000110000111110
00000110011110101010101101000010
00000110110000001100000000100010
00000110110010100011100001110010
00000110100011000000001100101011
00000110100100011110011001001110
00000110100111011110001101010011
00000110001001010111000110110001
00000110000010011001010111011101
00000101110010001001110010100111
00000101000100010110000000100011
00000100010011111010110100010001
00000011110100101001101010100111
00000011011000111000111100010101
00000011001000011011011101000001
00000010110010100011110100011010
00000010001011010101010111101111
00000001101110011101101101110110
00000001010111000110101111101101
00000000111000001011101101111010
00000000110011101111111111010010
00000000100110001000101010000110
00000000001101110101001111110001
00000000000000111111100011110100
11111111111001010110011010001100
11111111110001001001001110010000
11111111101111010010100111110101
11111111101011100011011100100011
11111111010111001111000110011010
11111111011100001110110111010111
11111111011100011111111001010001
11111111001110100110011001001000
11111111011010100011111001010111
11111111011101111111001110110100
11111111001000001000011011101011
11111111001100011111111001110010
11111111010110110000011101100101
11111111001101101011000101111011
11111111010101110000111001111001
11111111010010011000111111011101
11111111000000010110110001000111
11111111001010101101100011110111
11111111010001110000101100101001
11111111001000101100011110000000
11111111000111111000100010110000
11111111000111100010011010110111
11111110110100001110110001011101
11111110101010011001101111000000
11111110110100100100111001010011
11111110111011110110110010000001
11111110111111101000001111010111
11111110111011000000111000010101
11111110101111011101110000011100
11111110110011001010111101010011
11111110101111101010100001111001
11111110100101101110000111100000
11111110101010111101110001010110
11111110101100100100011110110110
11111110101011000010000001110101
11111110101001111110001101101010
11111110110000100101110101000110
11111110100010101001001101011111
11111110100100011110101010111000
11111110101111011110111001011101
11111110100000111110001111100000
11111110100111001001001100100100
11111110100110011001100001110011
11111110101010110101010000011000
11111110110101000111110010101001
11111111000101010010010001100011
11111111001110101010101001100110
11111111010001001001100010110110
11111111000011011010110101101100
11111110100111111000110111010101
11111110100100101011011100010101
11111110100011011000111000010000
11111110011110111100000000101001
11111110100010000010000011101100
11111110011100110110101010010011
11111110010110001111000010111000
11111110100000001010010100010000
11111110110000001001001010101111
11111110101110101010111110001100
11111110101100011101000110111001
11111110100100000001001011000101
11111110010011010010101001110100
11111110010011011010000001110001
11111110010101011101011001101010
11111110001010110101100100111110
11111110001110001110101000011010
11111110010000111100010001100010
11111110010100000001001011100101
11111110011011110111000110100110
11111110011001100001110111010111
11111110001111000010100011101001
11111110001000111101000000000110
11111101110011101100001101101110
11111110001011101111011011100110
11111111011011110101110110010101
00000001010110110101000110101000
00000010110011001000000101000101
00000100100010111101011100110101
00000110100010110101000110000111
00000111111100000011110001101010
00000111100000101101001101011011
00000101001111000010001010111100
00000000101001101011011100110010
11111100111011111000010111111010
11111011111000101111001111011100
11111100010001101011110010000011
11111100111010101101101101101100
11111101010001001011101010101000
11111101001111011110101110001100
11111100111110001101010011100111
11111100110010101110011100001110
11111100110001110001111111111110
11111101000010011011000111101111
11111101010110010011111100100000
11111101001100101111111100000010
11111101001011110000011000010101
11111101001101011111100110110010
11111101001000100111001101110100
11111101001001011010000000000011
11111101010000100100100000110100
11111101001111111100001110000000
11111101011001101000101111011110
11111101010101100000000001010001
11111101011000100100111011010010
11111101011111110110110011111111
11111101100010000101110100010100
11111101011000110000100011101101
11111101100110011001000001111011
11111101101001011111000100111110
11111101100011100100000000110101
11111101100100101010111100100000
11111101100100010011101011100111
11111101011101011100001011010000
11111101101101110101011010000101
11111110000010111001011010111111
11111101110100001010000001000111
11111101101111011001000000000110
11111101111010110011100111000001
11111101111001101000011010111000
11111101111110000100001001011110
11111110000111001001100001001000
11111110000000100110001010001100
11111110000111111001001011111010
11111101111010111111001111011101
11111110000010011110101111000100
11111110100000001110100100101111
11111110100101100111111000100100
11111110010100011101110101111101
11111110001101010011010101001100
11111110010101000100111111110000
11111110010010010110001101100110
11111110100000010111000101101101
11111110011111101000100011111101
11111110010011110101100011001001
11111110011100010101101111011100
11111110100011111001110011000111
11111110001011010101010110110011
11111110001111001000110010100111
11111110100000010111000101101100
11111110011101101001011100100010
11111110011110101100000111101110
11111110100110011110111011010010
11111110010001010100101011011101
11111110001100110100101100010110
11111110000101110101110100000011
11111110001011001000100101010110
11111110010111001011011111000101
11111110001101100100010111000111
11111110000100101101101111011000
11111110010111111010000000110111
11111110011100111010111010110011
11111110001111001110001100000110
11111110001110110010101010101111
11111110001001001000101000100010
11111101110110011111010000010111
11111101111011110010000001101101
11111110000110101010111000010011
11111101110001110111111001010110
11111101101100111011001111111000
11111101110100111000100010111001
11111101111000001001000101010110
11111110001101110101100111011001
