00000000000000000000000011111110
11111111111111111110111101000100
00000000000000001000100011010001
11111111111111011000100110111111
00000000000010010000110100010010
11111111111011111011011101001111
00000000001001111100110000000100
00000000110000011101001001001000
11111111110011111101110101000101
00000000001000100100000101001011
11111111110011010110100111001001
00000000100110111100111001001111
11111111110110111110001010100111
00000000000010011010010000000101
11111111111100001010100001001100
11111111111110000000110010110000
00000000000010110100111001110100
00000000000000000001110010000100
00000000000000001011110001011111
00000000000000001100000000001110
11111111111100001001011000110110
11111111111100000111001100110100
11111111111110111100101110000110
11111111111110111101110011111101
11111111111101001001110101110000
11111111111111110101000100111111
11111111111111000010000011110100
11111111111111010011010111110011
11111111111101110111011000011100
11111111111111011001100001101110
00000000000001100011010111110100
11111111111111100100011001101111
11111111111111110111001101001111
00000000000000101100000100101110
11111111111111100000101000001000
00000000000010001011100100011000
00000000000001010110011110010010
11111111111110001100100011001100
00000000000001000111010101010000
00000000000010100100011111001100
00000000000000000100010110101000
11111111111100011110101111101010
11111111111111000111100111100011
00000000000000000101100101101101
00000000000010000110011100010011
11111111111111100110000101011000
11111111111110110011011110101100
00000000000001010110110101100101
11111111111111010100111111101011
00000000000001000110101001111101
11111111111111011100110011001000
11111111111111001100001100000011
11111111111111111110011100110110
11111111111101010001110111110000
00000000000000011101101000000111
11111111111110110101010010010111
11111111111111111000111001011001
00000000000011100011110000110101
11111111111111101100001101010111
11111111111110011001010111011111
11111111111111001001000000100001
11111111111100110100111110001100
11111111111110100010111100011110
00000000000000101101100000011101
11111111111111000010101011101100
00000000000001010101001000101110
11111111111110101011101111110100
00000000000000001110011110001000
00000000000000110010101111101011
00000000000000100001011001111100
11111111111110110101010010011111
11111111111110010110110000011100
11111111111110100011011011011000
00000000000010011010110111111010
00000000000001011011101000110100
00000000000000111010101100100101
11111111111100110001001111000011
11111111111110000010110100100100
00000000000001110100110011111011
00000000000000111011010001001000
00000000000001010001110011111010
11111111111110111110100001101111
11111111111101010110100111011011
11111111111101100000110001000100
11111111111101010010010011110000
11111111111110000101111110100001
00000000000000100111010010110000
11111111111111110010101000011001
11111111111100001111010110011100
00000000000001110011111101100101
00000000000000000111101010000101
11111111111101001010101000000101
11111111111111011110110011011000
00000000000010100010111111100100
11111111111100110110110010010100
00000000000010011010011001110111
00000000000010110100001001100011
00000000000001101101010110011000
00000000000010000100110100000000
00000000000000100001110100111100
00000000000001000100011001110100
11111111111111100010111000111011
00000000000001001110100101101100
00000000000001010100111000000000
00000000000010010010011100100010
00000000000000011011000000101111
11111111111111110110001001101111
00000000000000110101010010111100
11111111111111101000111000001010
11111111111110110010101000011000
00000000000000111011101111000001
11111111111101011011011010001010
00000000000000000011111000101011
00000000000001010010100001010000
11111111111001010011111011111001
00000000000011011111101100000100
11111111111000000100000111001110
00000000000100101010011001110011
11111111111010101001010001001000
00000000000000001001100011000011
11111111111100111010000100011100
00000000000010011011100000000111
11111111111100100000100010110110
00000000000010101111111101001101
11111111111100001100111000011010
00000000000010101000100011101100
11111111111110001011110110110110
00000000000001000101100110101100
00000000000011011010100001111100
00000000000001010001111100111000
11111111111101011110010001101011
11111111111110100010001100100111
11111111111110001110010010001101
11111111111110111000110010010101
11111111111100011101111000110100
00000000000001010000010000111011
11111111111110100101101000101110
00000000000000010010110110000000
00000000000010001010001101110000
11111111111101111000001111011101
11111111111101000001010001100011
00000000000010100001000101110000
11111111111010110101111111100111
11111111111110011110000100100100
11111111111111011101011101000100
11111111111101101110011111000011
11111111111111001100111011001100
11111111111101110111011001001011
11111111111111011111001010111011
00000000000011101111011010111100
11111111111111010001101111000010
11111111111100011111101001000111
00000000000000000111011100101010
11111111111111100010111100011111
11111111111110111101010100010100
11111111111101001010101110000100
11111111111111010011011101111010
11111111111111111100010110100001
11111111111101101001110011110001
11111111111100110101100110011110
11111111111101110111101110000011
00000000000000111101010010110011
00000000000011011110000000010111
11111111111111110111001111110111
00000000000001110001010010010010
11111111111110111111111111111110
11111111111101100010011001110100
11111111111111010100110000110000
00000000000000100011010110101010
11111111111100100011000010100111
00000000000011010100011001001001
11111111111101011101010101101010
00000000000001000001001010000010
00000000000010010010110110001111
00000000000001010101010100100111
11111111111110110011001001001000
11111111111111011110011100111110
00000000000011100011101101110110
11111111111000000110101110110010
00000000000001101101000000000011
00000000000001101000110010010010
11111111111101001000111100110011
00000000000000101000010011011100
11111111111111100110100110010111
00000000000010111111011011010111
00000000000000110100010101001101
00000000000000111001010110111010
11111111111100111011011110010001
00000000000010000010000010010001
00000000000000111011101000111011
11111111111110011011011010111111
11111111111110011111100111000100
11111111111111001011100101111101
11111111111111001110100010101111
00000000000000100011111110110101
11111111111011111011110010110010
11111111111111110011101111110010
11111111111110011010001110100001
00000000000001111000100000100111
11111111111110010000000111000010
11111111111111010100001101111110
11111111111101000011110000010010
11111111111101110101000100110011
11111111111111110000000000011111
11111111111111011100000010010100
11111111111110101000001100010000
00000000000010110000010001110111
11111111111101010111100101111101
11111111111110101110011000100101
00000000000001100110101101110001
11111111111111000011011110011000
00000000000000111011011110111000
00000000000001001011001000011000
00000000000001000101000101001111
00000000000010000111111010111011
00000000000000010100010101001001
00000000000000010111100100001001
00000000000000100001111101001111
11111111111110011010001101011010
00000000000001000110100111001011
11111111111100111110001000000000
00000000000001000101011110111111
00000000000010111010000001000001
00000000000000100010001010010001
00000000000000110101100001001101
00000000000001011001011111010100
00000000000001011111001010111110
11111111111111000110111001100100
11111111111111111000110011101101
00000000000000001111111001001010
00000000000000100011001101000001
00000000000100011111001101111100
11111111111111001001000001101011
00000000000000001001000101010111
00000000000000001000101001011000
11111111111111000000001100001111
00000000000001001101100000011101
11111111111011011100011000100100
11111111111110111000100001110101
11111111111110001100111010000111
11111111111110111010100010001110
11111111111110100001010001101001
00000000000000001110001001111010
11111111111111100000011010000000
00000000000001000001001100100110
11111111111111100000111011000010
11111111111110010111110000100110
00000000000001110011011100000011
11111111111101011100001000010001
00000000000010010111000010010011
11111111110111101101101101100001
00000000000010110010000101010010
11111111110111001000111101110001
00000000001011001111110000001000
11111111111000110111100010001100
00000000000010011001100101110101
11111111111101000011110001100010
00000000000010000010100111111010
11111111111111100110110100000110
00000000000000100101100111110001
00000000000010100101011000111111
00000000000010110001110011011110
11111111111111101011100110110101
11111111111111000000011001001010
00000000000001011100101100100110
11111111111111110011010100101111
00000000000010000010100001000000
11111111111110011111111001100110
00000000000000001101101110001000
11111111111111001111010001100101
00000000000000100011110111100111
00000000000011011110101010011011
11111111111111101110011010010110
11111111111111111000001001011000
11111111111110100000011111110011
11111111111111111101001011001010
11111111111011100111001101011010
00000000000000000101110110010000
11111111111110111110000110010011
11111111111101000010100001000110
11111111111101001011001111001101
11111111111110000010100100000100
00000000000000011100111000101101
11111111111101000000111101101110
00000000000011101000100000101001
11111111111111100101101010010101
11111111111011101000101011000010
00000000000000011000101001010001
00000000000000101010011111001110
11111111111110000101101001010001
00000000000000111100010111100010
00000000000011001100011010010000
00000000000011010011110101010000
11111111111100001001110011001011
00000000000001110010000100001101
11111111111111100011010111001110
11111111111110100001001011100010
11111111111110010110010101011011
00000000000100101110110011011110
11111111111111100010000111111101
11111111111110011101001111010011
11111111111111110100000111101010
11111111111111011001000100001011
00000000000100101001111000101001
00000000000001000110100001110010
00000000000000101101111100100111
11111111111111111111001010010010
00000000000000011011000110100010
11111111111110111001001000101000
11111111111101100111000111011100
00000000000010010110110111001010
00000000000001101010011111111111
00000000000001010101000110100110
11111111111100000001011111101110
00000000000001100111000001010100
00000000000001111101100011000111
11111111111111011011001101011000
00000000000011111010010010011001
00000000000000100001110100100011
00000000000000000000101101010001
00000000000000111101011001011100
00000000000001010000010111011111
11111111111110101101010000110100
00000000000101000010101110111011
11111111111111001001010110111101
11111111111110110010111101110101
00000000000001100001000111000110
00000000000010111111011101001111
00000000000001110111111110001010
00000000000001001110000011110101
11111111111101110110101011000111
00000000000001100010000001001011
11111111111110110010101000000111
11111111111111100010110011001100
00000000000001111000001110010100
11111111111110010011111100011011
00000000000100000110111100010001
11111111111111000010001110011111
00000000000001011111000111011001
00000000000000111011100001001001
00000000000010011111110111101011
11111111111011110010011010011111
00000000000101100011001001110011
11111111111010010110110001100110
00000000000100100010100111101001
11111111111011000000010110011011
00000000000010101101000001101011
11111111111111001010110010101000
00000000000010101011001011110001
00000000000000111010011010010001
11111111111110010011001111110101
11111111111111110010000000001011
11111111111110100101110110111100
00000000000100001010010011010101
11111111111100110001111110100111
11111111111100110001010010001100
00000000000010000111110100000110
11111111111111000011000110110111
11111111111101111101001000001000
00000000000100011011111101110010
00000000000000110000000110111010
11111111111101011010010000110010
11111111111101111111000100101110
00000000000001000101000101111011
11111111111101011111100100101110
00000000000010101001011011010000
00000000000010011001111000000010
00000000000001000000001100011010
11111111111110100001000100111110
11111111111111000110110101000111
00000000000000011111110010011010
00000000000001000000101111110010
00000000000011011010111010101100
11111111111101011101100101111111
11111111111111110101010001011111
00000000000101010101010010001110
11111111111111111000010111010010
11111111111111110110001111101011
11111111111111000001010001010111
11111111111111001101111011011111
00000000000001111010100110101011
00000000000001011111101011100011
00000000000001010001101111101101
00000000000000001010110000100111
00000000000010110100010111101001
00000000000000111010011010000001
11111111111110010110010011001000
11111111111101100010110100010101
11111111111111011110100111011101
00000000000001011010111111111011
11111111111101111010001010011000
11111111111100110000100101000111
11111111111110110000011001111000
11111111111110111100010111011010
00000000000010110101000111110011
11111111111101100111111110111100
11111111111111111001011011111001
00000000000000101001100101111111
11111111111110011110001111100101
00000000000000001110101100101010
00000000000000111001110100001001
00000000000001111100011111011000
11111111111101111010100010011001
00000000000010011001000100010101
11111111111111010111010101010001
11111111111111001010001000101000
11111111111111001001011010011100
11111111111111010111001000000100
00000000000001010001101000100110
11111111111011110011001000010011
00000000000001101010000011100101
11111111111111111000111110101100
11111111111110001010001011011111
00000000000000101111011011001100
00000000000001001100001001011010
00000000000000000111100110000000
11111111111111000001011111011101
11111111111111111100010000001011
00000000000000011100011010101000
11111111111110100111100100001000
00000000000000110001011110100111
00000000000011010000101100110111
00000000000000111010010110101101
11111111111110001101111100000010
00000000000001110100110001101111
11111111111110111100011110011111
00000000000001011111010100101101
00000000000010010100011110110000
11111111111110110101010011000101
11111111111110011010110001100100
11111111111101110100010000000111
00000000000011010101110110001010
11111111111111001010110010100000
11111111111111011011000111100011
11111111111111110011001101100011
11111111111111111001110101010001
11111111111110011011001101101011
00000000000001100000011011010011
00000000000010000111110101011001
11111111111101100010000010000011
00000000000010000101111011111100
11111111111110000111100001000010
00000000000011000000100100100011
11111111111111101001100001111010
00000000000000000000100101001111
11111111111000111000001001010001
11111111111111110100111111010010
11111111111110101010110110101010
11111111111100010011011000010110
00000000000001111101010011011011
00000000000011010011001101101111
11111111111101111101001010100010
00000000000001000101101001101010
11111111111111100000111101010011
00000000000001011000011101110101
11111111111101110011110011000011
00000000000001111100111001011000
11111111111111110011100110111110
00000000000000111100011110001111
11111111111110010011011001101011
00000000000000010011000001001010
11111111111100011110011011110111
00000000000011000110001100101110
11111111111110001010111110010001
11111111111111110011111110001110
11111111111010100111101011010111
00000000000000101110000101110010
11111111111110010011100100111001
11111111111101010010010111100001
11111111111111001110101101101110
11111111111100110101011011010010
00000000000010010100001110011111
00000000000010101101010011001010
00000000000011001111100010011110
00000000000000111011100100101010
11111111111101001010011001010010
00000000000011110001010111010101
11111111111111101010110101111101
11111111111100011101010011111111
11111111111110011100110001001101
00000000000001000010101110100001
00000000000001001100001100111001
11111111111101010010110001101100
00000000000010101000110110011101
00000000000001011000000101001111
11111111111110111001000101111110
00000000000000000100001100111101
11111111111010110111011101100101
00000000000000110000010101101100
00000000000000101000111001100010
00000000000100000100010011011101
11111111111011100001111010101101
00000000000011100111111101111110
11111111111011110000010110011110
11111111111110111100000000000010
11111111111110101011000100010010
11111111111101100101101000111110
00000000000000011101101011110111
00000000000101001000101000001100
11111111111111001110111101010100
11111111111011110110001100110100
11111111111111111000010110010111
11111111111110101100100100011000
00000000000000101101001100010000
11111111111111100100001111110001
00000000000011000111100010111100
11111111111101001010010111101010
00000000000001001010111110000010
00000000000001011110111011011100
11111111111101110010100100011100
00000000000010000110010000110010
00000000000001001011010000110100
00000000000011000010101111000110
00000000000001100011111111111010
11111111111111110100110001001111
00000000000000000011100011011001
11111111111101101011011001100011
00000000000001010001010001111001
11111111111100010000010111000001
00000000000001001000100011000110
11111111111110000000100101010000
11111111111111100011001100110100
00000000000000110101110101110111
00000000000000000110010010011101
11111111111011011111011011111010
00000000000001111001101011011000
11111111111110011111111000010011
11111111111110110000110100010111
00000000000001101001000110110111
00000000000011000000011000110000
00000000000001110001010010011111
00000000000000010111011110100111
11111111111100101111010111000010
11111111111101111011001110001111
11111111111111000110001110001101
11111111111110111011111111000010
00000000000010110001001101101111
11111111111111111111010110001010
11111111111110000000101101100100
00000000000001010011001100000111
11111111111110100111010011000011
00000000000000100111111011000000
00000000000000101011011100000011
00000000000001110001010000100011
11111111111111000111011101110110
11111111111010011011010011110100
00000000000001101110000010001001
11111111111111110011100111111111
00000000000011001000000101000010
11111111111101011000110100010111
11111111111101011100001101010100
11111111111110111010011111110001
00000000000100001111000110001001
11111111111100111010100010011000
00000000000011110100110101111101
00000000000011010010101111100010
11111111111101111000111111010111
11111111111111111010111001010100
00000000000010010010011111110010
00000000000010011000001001011101
11111111111111100110010111010111
00000000000000110000010100010110
11111111111111000010101011000001
00000000000010010010110100100001
11111111111111110011111101011110
00000000000000011010111010100010
11111111111111110010100111010100
00000000000010001001011100110000
11111111111111010110111100110110
00000000000000100111101111111110
11111111111111010101101110110001
00000000000011101100000000100111
00000000000010001100011111101100
00000000000010000100000100011110
00000000000000011110010011010010
11111111111110000101100111001011
11111111111111000101111111000101
11111111111100110101111111000100
00000000000000101100010010101110
11111111111101100111110101001100
00000000000101111100101001101111
11111111111111100111111101101111
00000000000001001001101000011000
00000000000011101001111001110110
00000000000000001111111000101111
00000000000011000110100111100100
11111111111111110001001011101101
11111111111111110010000100100110
11111111111101010111100111000110
11111111111101000101111010111010
00000000000011010011000000010110
00000000000000001011001010111111
00000000000010011010011101010010
11111111111110110110010111101100
11111111111101100110001011010100
00000000000000111110000001111010
11111111111111110000100001100100
00000000000001100001111100100010
00000000000001000011010100111000
00000000000001100010010101010110
11111111111101001011000010111111
11111111111111001010100110010000
00000000000000100110010101000000
00000000000010000101011111000111
11111111111111111001111110000111
00000000000000001100010101100100
11111111111111100100011011010001
00000000000010000111001011001000
11111111111101000110100100001101
00000000000010101100010010101001
11111111111100100000000110000101
00000000000000010001100001001011
11111111111011101110011011110110
11111111111110111110010010000010
00000000000000111110000101010100
11111111111100000110011110111000
00000000000010001000110110101100
00000000000010010101101101110110
11111111111111101001000100110011
00000000000010111010111110001000
00000000000000111101010111010111
00000000000000111011001111010010
11111111111111110011010001100111
00000000000011100111101001110011
11111111111011010100011111111001
00000000000001011111001100100000
11111111111110010101010110001001
11111111111101010110100010110011
00000000000000110010010011010110
00000000000000010001110010001101
11111111111111011110101011110010
11111111111101110001000000100101
11111111111111010101001100001100
11111111111110100111011001111000
00000000000010101011100111001100
00000000000000000111100111011111
11111111111111110101101000001001
11111111111100011111000011010011
00000000000000100110111001101000
00000000000001010111001111000100
00000000000000011000001000000100
00000000000001110010101111011110
00000000000011001000011101101010
11111111111111110000001000100000
00000000000010001101100110100010
11111111111111011111100100111101
11111111111110011000101000010001
00000000000001110000010011011100
00000000000000101101111000010110
00000000000001100110100000010101
11111111111111100100100110101001
11111111111110100110111010011011
00000000000000010100111010010001
11111111111101010101010101000111
00000000000001011010111111110111
11111111111110001110101101001101
00000000000001011101001000100100
00000000000011000011001111110111
00000000000010011011110110001010
11111111111111001000000111100111
11111111111110110000100000010111
00000000000010000011100011101110
00000000000000111100010110010100
11111111111100010000011000111100
00000000000001110100101110111010
11111111111101010000010111000100
00000000000010001001100101000101
00000000000001110111110110111111
00000000000000100100101011100010
00000000000010000001100110000010
11111111111011111101011101011010
11111111111101010100100110001010
00000000000010000010111110000101
11111111111111100011111100111001
00000000000001110011000001110001
00000000000001101001110111101000
00000000000101101000100101010011
11111111111110000001100110000111
00000000000000001111010011101101
11111111111101001011110010011000
00000000000001001101110111001000
11111111111110000111000110101111
00000000000010001001111110000110
11111111111111101011011010100110
00000000000000000011110010001001
00000000000000111000011000011001
11111111111110000111000000000010
00000000000001100110011000000000
11111111111111010001100111010101
11111111111111010100011110100011
00000000000000001010011010100010
11111111111111010010000011000001
00000000000000010101110011001110
00000000000000001010110110011110
00000000000000101010111001000010
11111111111111110010110101111010
00000000000010101101101000010111
11111111111111011100111011110000
00000000000010011000010011010011
11111111111111111110000111010011
11111111111111111001001000011011
11111111111110110001111101001110
00000000000000001100101001001011
11111111111111000110010100100010
00000000000001111111100110000010
00000000000000000010100101111001
00000000000010100100011010110011
11111111111101010011100110111001
00000000000001011011010010110011
11111111111101100011101011000010
00000000000011111110011010101011
11111111111110100001010001001111
11111111111111100100011111001010
00000000000001011100100001110011
00000000000000000100000011100100
00000000000001000000100100110010
11111111111111110101001110100000
00000000000010100001010101000000
00000000000000000011001110011001
11111111111111101011111011000011
00000000000000010011110001011000
00000000000000001100001100000001
00000000000001010100111001100011
11111111111110111010010101011111
00000000000011100011010111101011
11111111110111001011110101001001
00000000000101100100101110000111
11111111111101111010111110010100
00000000000101110110011010000010
11111111111110011101110111001011
00000000000011111000000010111001
00000000000011001100010110101101
00000000000010011101010001000111
00000000000010001111101000100100
11111111111110100001010001101110
11111111111111100000100110011001
00000000000000100111110100010111
00000000000001110000000110010000
00000000000001010100111000010001
00000000000000010010111001110100
11111111111110110101001010010111
00000000000010110001110111111101
11111111111110010011010101100101
00000000000000001101010111011001
11111111111110101001011001101001
00000000000000000100111100111000
00000000000001110110110001101101
00000000000010001110111000110101
00000000000001000000010001000111
11111111111111010111010000001100
11111111111110011100111101100011
00000000000101001010000000101100
11111111111110110111001010001000
00000000000010011010001000011010
11111111111111010001110111001010
11111111111110011010011110101101
00000000000001000101011011000101
00000000000011000100000001011000
11111111111100001100010010000010
11111111111111100101000101011001
00000000000000101100111010010001
11111111111110001111100101111111
11111111111111100111110001101010
00000000000001000001000001111110
00000000000001001010111101001011
00000000000011110101110000001101
00000000000000110001000011010010
00000000000011001110000011111100
00000000000001001111011001001100
11111111111111100000011011011010
00000000000000001110010000010101
11111111111110101001001110010001
00000000000001100100110011101001
00000000000000000010111111100001
11111111111101101000110101000000
00000000000001010100110101101111
00000000000001001010111111000000
00000000000000110111001101101001
00000000000000001001000110000111
00000000000010110111000001000010
00000000000000001100010101100010
11111111111101000000000010010101
00000000000000100101010100111111
11111111111110111110100010011110
00000000000000111111110111011011
11111111111101110000100100111100
11111111111101101100110101000111
11111111111111100010011110011001
00000000000001100010110101101100
11111111111111010111011111000000
00000000000001111011111100110100
00000000000000110110110100101001
11111111111111011000110110110100
11111111111111100110110101010100
11111111111101110111111100100101
00000000000001101100000000110001
00000000000100010101011011000111
11111111111101000000001100011001
00000000000001111001011011100100
11111111111111111011101100100010
11111111111101011001100110011001
00000000000011000000110011010011
00000000000000001111101100011110
11111111111110101111010011111000
11111111111110010011001100101000
00000000000010110011110001000100
11111111111111111100000111000010
11111111111111110101111010111000
11111111111101100110101101011011
00000000000011000101110101000101
11111111111100111101100111000011
00000000000101011000110110111001
00000000000010001011100111110101
00000000000100010101001101010101
11111111111101010000100011011000
00000000000001001101001010011100
11111111111110010011001100111001
00000000000000111110001110110000
11111111111110110010101010011011
00000000000000011000010111001101
11111111111110001010001100001110
00000000000011000110111000010010
00000000000001101001101100101101
00000000000000101100111101100011
11111111111111000110101000110011
00000000000011100111010001011101
11111111111110111100000010010101
11111111111100101110011000011111
00000000000011100001010000110110
00000000000011101101101001100111
11111111111101101011111111100000
00000000000001000011100100011011
00000000000000000001110000110100
00000000000001001101101111011011
00000000000010010111001110111011
00000000000001111011001011100110
00000000000001000001101011110000
11111111111111010001100001110111
00000000000001001111101000110101
11111111111100000111100000110111
00000000000000010000110110011110
11111111111100110011000011010010
11111111111110111010000011000111
11111111111110011111000000000111
00000000000011001101011110111100
11111111111110100110000011110010
00000000000001010110100110101101
11111111111110111000100111000000
00000000000011101100001010010001
00000000000100001001000001001001
11111111111111100001010110010111
11111111111100111101100010111000
11111111111111111001011011111110
00000000000000010011000101011101
00000000000000101010001110001101
00000000000000001000011001010100
00000000000000110001010000011011
11111111111111000000111111111010
11111111111101101000011100001110
11111111111111000001111100110010
11111111111111010011101110011000
11111111111111011010000001110010
11111111111111101001100010111111
00000000000001001010011001101111
00000000000000101001101000110001
00000000000000110000000001001010
11111111111110010011010100001001
00000000000000001010011011101000
11111111111101011111000101000010
00000000000010111000010011010100
00000000000001101110000111001100
11111111111111000001101110011100
00000000000000000011111101100001
11111111111101101100001110111110
00000000000100001010000110001111
00000000000010010011011110110001
00000000000000001001010010110101
11111111111100010001011111100111
11111111111111111100001001100011
11111111111101101111010101110010
00000000000000000111011110111010
11111111111110110000100100010101
00000000000000111101100111010100
00000000000101010100000110111100
11111111111110011001001010000000
11111111111111010110010010110001
00000000000000001100100000001011
00000000000001110111110000111110
00000000000010101000110101110100
11111111111100101111001111101101
00000000000001101100000001000011
00000000000000010111000111110101
11111111111111000111011000111101
11111111111110100110110101011010
00000000000001011101010010011101
00000000000100111110011100100101
00000000000001001000110001101001
11111111111111001111101110111110
00000000000000011010010000001100
11111111111110101101010000101000
00000000000000111110000011000100
00000000000001001010011100100010
11111111111111010101000011001101
00000000000001111110011100001101
00000000000000111001101010000111
00000000000001011011101001101100
00000000000010101101010010010000
00000000000001011001110001010111
11111111111101101110101100100001
11111111111111111001110110110011
00000000000000100101111011110110
11111111111110111011100001101100
00000000000000100000101001000111
00000000000000011111100001111011
00000000000001001111001100011000
00000000000000001000101011101101
00000000000000101011010101101101
00000000000001010110101001000001
11111111111111011000100011110111
00000000000010110000111010111101
11111111111111010001010000100001
11111111111110110101011111100110
00000000000010010110000110101100
11111111111111001010011001010100
00000000000001000111100000100110
00000000000101100000001001111000
11111111111011111110110111001010
00000000000001111111001100001110
11111111111111110101001010101100
00000000000000100100011110010111
00000000000000101001110110100101
00000000000000001011110000011110
00000000000001110000010001001110
00000000000000010000110110000011
00000000000010001011000101111100
00000000000000001001111100110110
00000000000001000100110101110110
00000000000001111110100011001000
11111111111111100000111101000010
11111111111111010100110011101110
11111111111110110001101111110100
11111111111110011001100011000101
00000000000010001111110010110111
11111111111101011000101010110001
00000000000010001100011110011000
00000000000001110100110000010100
11111111111111001000111000101000
11111111111111110101010101000111
11111111111100110001110000000001
00000000000111001010110110010011
11111111111100000100101110000000
00000000000110010010001101011011
11111111111010110100010010110110
00000000000011010001100100101110
11111111111111000010011110101000
00000000000000100110100011001110
11111111111011100010111000010000
00000000000001001011100111110001
11111111111110100001001110101111
11111111111111010100100101100110
00000000000000110011010001101100
00000000000010000111000000001010
11111111111111111110111010000011
00000000000000010010000100100100
00000000000000001001110101110011
11111111111111001011101001100111
11111111111011001011011100001101
00000000000001101111001001010011
00000000000010111111000111011010
00000000000000100101100111100001
00000000000000110101000000011001
11111111111111110101001011000111
11111111111111001010110001010010
00000000000000000010011100110000
00000000000001010010010101100111
00000000000010010111111000011100
11111111111101111111110101101101
11111111111111001011111101011101
00000000000010000011011100011100
11111111111101101110101110111010
11111111111100101110111010001100
00000000000000001110001111001100
00000000000000110010100100110110
11111111111100011110101011000110
00000000000000101100001101110110
00000000000000011001011000110111
11111111111010001010101110001101
11111111111110101101111111111001
00000000000010110010100000111111
00000000000000001100001101100111
11111111111110100011100101011100
11111111111111111101111111110010
11111111111111110100101101011000
00000000000010010010101000111000
00000000000100011011010011010011
00000000000001010110100001011010
11111111111110011100011010010101
00000000000101010111110110111110
11111111111100100010110010001101
11111111111111111100001111000101
00000000000011001100110000101111
11111111111110111000011101110011
00000000000001100011001111001011
00000000000010100110010001110011
00000000000011001101100111111011
11111111111111100010000110100001
11111111111111110011010110000110
11111111111101000101001000111001
11111111111111110100111010010100
00000000000010110100001001001110
11111111111110011011100011110001
00000000001000010110011110111111
00000000000100111100110001111100
11111111111110010110110010111111
00000000000000111111000110011010
00000000000001100110111001111001
00000000000010000000001000000101
11111111111100110110000101010011
11111111111101111110010100011010
11111111111010011110001111110111
00000000000001100111111110000010
00000000000001010111001000001011
00000000000000100111000000111011
00000000000001010011100110011110
00000000000010001011100000001101
11111111111101101000111101101100
11111111111101111110010010100111
00000000000011111101101110111110
00000000000010000111011111010110
11111111111110110101101101100000
00000000000101111111110011110100
00000000011101011100011100010100
11111111111001101100011111000111
00000000000010000100010110111000
11111111111110111100111110111000
00000000000000010101001101001001
11111111111111111011010010111010
00000000000000000000101111011011
11111111111111111111111101100111
00000000000000000000000000111110
00000000000000000000000000111110
00000000000000000000000000111111
00000000000000000000000011001101
11111111111111111111100000111111
00000000000000000011000011111001
11111111111111110100111011011011
00000000000000100010010111111100
11111111111110101010000010100011
00000000000111000011101110110001
11111111101010111000001110010110
00000001011001100101000110011000
11111111001000001101110100000011
00000000100101001001101001011111
00000000001010111001100101111101
11111111111110000001010010001101
00000000000001001101110010011101
00000000000010011110001011001011
11111111110010100000111000111100
00000000010011100100110110101111
11111111111000111011010010110011
11111111111001111001000000000000
00000000000010000010111111110110
11111111111111111110010100101101
00000000000101111010010101010101
11111111111000010011001010001110
11111111111111000011100110001100
00000000000011010101000001001100
00000000000100111111100000111000
00000000000001010011100101011010
00000000000001000111101111111110
00000000000100011100101001100001
11111111111000011101100000100111
11111111111001101100101001010001
00000000000111101101011101110110
11111111110110000011110001100111
11111111111110000011000111111011
00000000000010110100000011110100
11111111111101100011111010111110
11111111111111110110100000111010
11111111111111011001100101101110
00000000000000100110010011110110
11111111111110000110011001100010
00000000000011001110011001111100
00000000000001010010000111010101
11111111111010011011111000000001
00000000000100100011110010100100
00000000000001111111110110100001
00000000000001101111001100100010
11111111111100111101111101101011
00000000000011100111110001001010
11111111111101110110111100101000
00000000000100011111011011111011
11111111111101010110000010111110
11111111111111001101011110110010
00000000000011001101111100011111
11111111111101110101111110101010
11111111111110101011111101010011
00000000000110110101100010101110
11111111110110111001100000111001
11111111111011010001000101111111
00000000001011110110111011001110
11111111111000100111011101011111
11111111111011000100101101100000
00000000000000100111101000001001
11111111110100101111011000001110
00000000001101011110001000100111
00000000001000110011110100111110
11111111100011010100001000000101
00000000001001010110011111011000
00000000000001100001001110111010
00000000000100101111101011111011
11111111111101001010010111101100
00000000000011111111110000010001
11111111111100010110000111011010
00000000000111001011111101010001
00000000000100011100010000110000
11111111111100010111110100100101
00000000000001001010011100110000
00000000000010100111100000010011
11111111111101000000111010100100
11111111111011110110101110001000
00000000000110101100100110001000
11111111111111110000110000110111
11111111111110110111110101111100
00000000000111100110010101010011
11111111111110101101101011011011
11111111111101100111111001111111
00000000000101111011011100001100
00000000000011000011001111010100
11111111111010001111001111010101
00000000001010001000011111010010
11111111111010111011011100010000
00000000000010101001101010110010
11111111111110111000001010000110
00000000000001001010010000010101
11111111111001011001010111010011
00000000001011001110011000110100
11111111111110011001011010111100
11111111110101100110000011101101
00000000000011011011111101000001
00000000000010011011000100110011
11111111111010110010000101100100
00000000000100010100010100110010
00000000000110111110011110100001
11111111111001110101111111010011
00000000001011101100011100001000
11111111111011011011100001110100
11111111111111010011000100101001
00000000000000100000101111111011
11111111111011000111011001111010
00000000000010100100111001110000
00000000001000001010111111101101
11111111111100000010110001011110
00000000000000100000111111111111
00000000000000100111010110010000
11111111111010110010000011000101
11111111111111101110010000011010
00000000000100111100011010100111
11111111111101010001010000001001
11111111111010100100001111001101
00000000000101011010111001111110
11111111111100010011000000010100
11111111111100110101011010100110
00000000000111101100101111111001
11111111111011110010011110110111
00000000000100001100001101110010
00000000000011001111011001101101
00000000000010100101111001111010
11111111110001000110101000111011
00000000000111000101010011001011
00000000000100110100010001110100
00000000000001110111101101011100
11111111110011011001100100010011
00000000000110010011100010000110
00000000001101100001000011101101
00000000010010010000100111010000
11111111110110001101100101100100
00000000000000010001110011110111
00000000000000101100110100011101
00000000000010011011011111011010
11111111111001010101010011011001
00000000000101101100100001101111
00000000000010011011101010111010
11111111111101110011100010110110
00000000000010101011110010011001
11111111111011001011111100001010
11111111111100100010010010100101
00000000000101111000011000100000
11111111111100111001100000000000
11111111110101111111011111100010
00000000001000100110011101101101
11111111111101110101101010010101
11111111111000001011100100110000
00000000000110001011010001000111
11111111111000001110001110000010
00000000000001011011100001101010
00000000000011111110111100010001
11111111111011110010001111101110
11111111111011111010100000011100
11111111111110101011011111000101
00000000000001000101001100010110
11111111111100001100100101000111
00000000000100111111001111001010
11111111111100100100001111001001
11111111111010100011101000110100
00000000000100010110001000011001
00000000000000111100011111000010
11111111110001100111111001110111
00000000001111000011110111101011
00000000000011101000101010011110
11111111110110110000001110001100
00000000000000010101110001101011
11111111111111110111000010010000
11111111111011111101110001100010
00000000001011101001110000011111
11111111111010010001110101110100
11111111111001100000111100111011
00000000000111110101001001010000
00000000011000101101111001000110
11111110111010110000000100001010
00000001001100010111110110011001
11111111001011001011011100011110
00000000011000111010010110010011
11111111100110100111010011001011
00000000100000110000100111110011
11111111101011101010100000110100
00000000010011011101101011110100
11111111111100000100011010110011
11111111111101111101111111010010
11111111111010111000000000001110
11111111111110000110101100010110
00000000000000100000010011111000
00000000000110100101000111101100
11111111101111100101101101011111
00000000000001100000101011011101
11111111111111100000110001101110
00000000000000110010000011101010
11111111111011111101111000000001
00000000001101001111101001111111
11111111110111101000100000000100
11111111111100110010000000000100
00000000000111100101101011011001
00000000000000100011001000100101
11111111111001110000100111100010
00000000000000001110110000111011
11111111111100111101001100010000
11111111111111011001001100111111
00000000000101000011110110001100
00000000000100111101111101111101
11111111111110011000111111011111
00000000000011011101011110111101
00000000000001010101010100011100
11111111110011111100011110101000
00000000010000011101100101111111
00000000000000010100110110011110
11111111111110011110011001111110
00000000001001001000100110100110
11111111111001000110101011010110
00000000000110101110001110100111
00000000000011100111111011000010
11111111111011101010101000001000
11111111111010011010100010111110
00000000001100010101001100110110
11111111111110111000011011001100
11111111111001001000011111011010
00000000001011011010111100001101
11111111111110000010110111011110
00000000000010110000110111100011
00000000001010100011110010011000
11111111101111010101011011100110
00000000001001000001111101100001
11111111110111111011001111111011
00000000001011111110001111100100
11111111111000111000010000111010
00000000000110010101001111000110
00000000000000110001111001011010
11111111111100101100100010111001
00000000000111110001110010001010
00000000001001010010110001000000
11111111110011100101101100111101
00000000010110101011100101011100
11111111101010010001011110111000
00000000000110010110001100010011
00000000000110011100011001101101
11111111111100000010000001100000
00000000000010100001101101001111
11111111111111101111100111000101
00000000000001010011001000110100
11111111111100110100010010110001
00000000001111101100011101111111
00000000000101101101000110101010
11111111101100000010011101110110
00000000110011100101010001011110
11111111111000010100000000111111
00000000001000110000010110001010
11111111101110011111101100100110
00000000000001001011001001101011
00000000000010000101011101011101
00000000000110100000111111011010
11111111111111111111110010100001
11111111110101101000100001101110
00000000010110100010101101001101
11111111110101111100100000110001
11111111111110010100001010101111
00000000000011001010010000001011
11111111111001111000100000010110
00000000000001101011010011111010
11111111110100110110001111100011
00000000000100000110110101011010
11111111111111011101110010010010
00000000000111111101111111101110
00000000000001101010011110100100
11111111111111011011110011010011
11111111111111000001100001100000
00000000001001001101011011111001
11111111110000101001001110001011
00000000000010111000010101110010
00000000000100100100011001010011
11111111111001110000010111010010
00000000001001100001100000101101
11111111111011001111000010110011
00000000000100110001010111011011
00000000000111000100100001110010
11111111111111010000000011110011
11111111111110111101000100000000
00000000001010001110000110000101
11111111111101000101010000100010
11111111111011011001111000111111
00000000000100101000101000000100
00000000000000100010001101011010
11111111111001110110011111100111
00000000000000110111000101110100
00000000000101011100000111111001
00000000001000100110111101101000
00000000000000011101001010000010
11111111100101011010001010001111
00000000011101000010101110000001
11111111101011101001100101011111
00000000000000101110010101001010
11111111111111010001110001111101
00000000001001101010000111000010
11111111111110100101111000001111
11111111111010111111111000011001
00000000000100010111011100001011
00000000000111010110111000011000
11111111110010111100000001011101
11111111111111010101100101110101
00000000000110000000001100000000
11111111111110101100000100100100
00000000000100001110011011110110
00000000001011101110111010101011
11111111111001100111000110101001
00000000000000100101011100111101
00000000000010010100001110001101
00000000000000110000001011001001
11111111111110110111011010010101
00000000000010000001001110111101
11111111111000010100000110010110
00000000000111010010000101001000
11111111111101110111101001000110
11111111110111001110001010101100
00000000000101010010000010000010
11111111111110111111010001100101
11111111111110111110100100110110
00000000000011110010111101100011
00000000000010000100101001011100
11111111111011101100101011100100
00000000000000011111100101011011
00000000000111001000011111011101
11111111110001011100010110100110
00000000000111101100001100110111
00000000000101000110110011011110
11111111111000010111011111001100
00000000000111110001001010111001
00000000000100001101001011011111
11111111111000111111001000100001
00000000000110111001100010100100
11111111111101011000110011101001
11111111111000000010101010100001
00000000000011001101111111110010
11111111111111000011000000101111
11111111111100010111110001100001
11111111111100111000001110100010
00000000000101000000000010100000
11111111111001010011100001110001
00000000000001011010011000001010
00000000000001011011010011101010
11111111111011100000100011011111
11111111111010011011000010000100
00000000000100001000001001100110
11111111111011011110010100001111
00000000000111101111010000100110
11111111111111110001000000001000
11111111111111000010010110111100
00000000000010001100001000110111
00000000000000000100010111110010
11111111111101001110100010001011
11111111111111001110000000100100
00000000000000011100110010100001
11111111111101010110110111110011
11111111111111011111100011001010
00000000000010100001100111001001
00000000000101100110110011101111
11111111111011011101110010110000
00000000001011110100101111110001
11111111110010111000100000111011
00000000001000011010010010110001
00000000001111011101000100010101
11111111001111000010001010001100
00000001010111001010111111101010
11111111011000000001001111010000
00000000010000110011110011001110
11111111111000001011011100101101
00000000000000101100100010001100
11111111110000110001011001100100
00000000001010000101010110110101
00000000000010010110110101000110
11111111110001110011101001110101
00000000001010110110001011011010
00000000000010100011100101100010
11111111111101011101000010100100
11111111111010000000101100100101
00000000000011100001000011111101
11111111111101011000101100110110
00000000000001001101000010010110
00000000000001110111101011011011
00000000000111000000100011011000
11111111111001010011110111001011
00000000000101011110100011000111
11111111111100100111010010010010
00000000000100000000010011100000
00000000001000001111101110100001
11111111110110001011010110000011
00000000000000101111111110001110
00000000001001100101110000000010
11111111111101100110000010100000
00000000000001111010101011110111
11111111111010011010010100111101
11111111110111101011100111110100
00000000000101111010110111001011
00000000000101011011010101001010
11111111110100010111110011111011
00000000000011111110000011010111
00000000000101010001011111001101
11111111111010111100000011110000
00000000000000011001001011100110
00000000000110111010100000110011
11111111110010000010011111101001
00000000010000011001110101101000
11111111110011011001010010101001
00000000011111011100101011011110
11111111101001110100000001010011
00000000100110000101101110010001
11111111110000101000000101010111
11111111110100010011110100100111
00000000000101011010001010111011
11111111111110100110010001110001
11111111111001100110011110101111
00000000000010101010111111111111
11111111111111011100001110010000
00000000000010101110100111001001
11111111111111000101001110010011
11111111111110011111110110011101
00000000000111101110100000111111
11111111111110000100011001111110
11111111111101100010011000111100
11111111111110001010011101000110
00000000000101011110010001011101
11111111110110110001101100100001
00000000000010110111101011010010
00000000000111001101001111100011
11111111110011001110010111000001
00000000001101111001000110110111
00000000000000010110111010011000
11111111111101100100010100000100
00000000000010011100110010011111
00000000000010111100101101100000
11111111111000100100100110111110
00000000000101101000010100100110
00000000000101011011100111011011
11111111111010010111011100010101
00000000000001111111000100100111
00000000000100001110001000110001
11111111110011110000000010011001
00000000000101100011111011100011
00000000000110100100100111100110
11111111110011001101101100010001
00000000000101110111001001010001
00000000000110110000100011110010
11111111110011101010110001111011
00000000001000000011101001001010
11111111111101111100010010100001
11111111111100111111011000101001
00000000000001111010000010101101
00000000000010101110100101001010
11111111111001101100010001100110
00000000000010001000111011010111
00000000000011000110100000101111
11111111111100101110110010011101
00000000001001100000010101111001
11111111111110011000000111010111
11111111110110101000011011001010
11111111111111101011100101010110
00000000000000010111000000011001
11111111111100110000110010110100
00000000000010010101000000011010
00000000000101010001011010101101
11111111111011101111100001001101
00000000000000101001001000001111
11111111111111001111111110110100
11111111111100000110000110110101
00000000000100001010001101001101
00000000000010100100011111100001
11111111111010000101001000101011
11111111111111011101011100100110
00000000000011100101110000001000
11111111111011000111001010001101
11111111111110010000110000100011
11111111111010011001110000010111
11111111111001001000100100110000
00000000000000111001011001111000
11111111110110011100110001010001
11111111110100010001010000000110
00000000001100110011110001001101
11111111111101111101001011001110
00000000000000000000001111101000
00000000000010111100110011100111
11111111111111110010110111011111
11111111110111110101110111111100
00000000000011101000011000110110
00000000000000010100111011100101
11111111111100000010010100100100
11111111111011001110011111100100
00000000000100100010011010100110
11111111110101110011100011101110
00000000000010011011001100010011
00000000000011101001101001001011
11111111110101100000001001101100
00000000001101100101110101100011
11111111111001110011111011001100
11111111111111010011101000010000
00000000000000001011111000111001
00000000001101111010111011011110
11111111110111011000110010101000
00000000000010011001111110101000
11111111111111001100001100000010
11111111111001010101111110000001
00000000000010100101101100111110
00000000000011111000010101110001
11111111110001100110101010101100
00000000001010110000100100001101
11111111111001011000011010000101
11111111111100010001011001111010
11111111111010001000111101100111
00000000001011111100011110101110
11111111110100101011010001111100
00000000000011110110101101110001
00000000000100001001010000110001
11111111110101000111000100010100
00000000001010101110011110011000
00000000000001011000011100001000
11111111110100101010101110000101
00000000101010101010001001011101
11111111111101001110100010000010
00000000000011000100101000001011
11111111111110001111001010000100
00000000000000100010101110101001
11111111111111110111110110100101
00000000000000000001010000000010
11111111111111111111111100110010
00000000000000000000000000101111
00000000000000000000000000111110
00000000000000000000000000111110
00000000000000000000000001000000
00000000000000000000000000111111
00000000000000000000000000111110
00000000000000000000000000111110
00000000000000000000000000111011
00000000000000000000000000111100
00000000000000000000000110010000
11111111111111111110111001000111
00000000000000000111011001001100
11111111111111100001001101111011
00000000000001001110011010100010
11111111111100110101111101110001
00000000000100101101010110010011
11111111011001010010101111100011
00000000111110010111011100010001
11111101001011010111001000001011
00000001010011001001101010010101
11111111101010011111110000100011
00000000000010001001000011101110
11111111110010001101101001101010
00000000000110101011001000100111
11111111011100010000110001101100
11111111111000001101110010000111
00000000000000100101110111011011
11111111111111000111001111011010
11111111111110010011110111001111
00000000000011010001100100010101
11111111111100100001111111101101
11111111111111010111110100101011
00000000000101010101111000110101
00000000001000101100000100100110
00000000000000011110111101100010
00000000000101111010101110000010
11111111111100111001100111101011
11111111111001001010100111101111
11111111111001001101011111010100
11111111110110110100110100100011
00000000000110000011011110001011
11111111101111010010001001001111
11111111101101001011010011111110
11111111100110001011111110011111
11111110110110101100001111011100
00000000000001001100010010101101
11111111110111111100010001011100
00000000010101011100011100100110
11111111101001101000000000110011
11111111111101000011011001000110
00000000000000111011001000010000
11111111111111011100010100001111
00000000000100010111000011011011
00000000001000011111001110011101
00000000000110011000011000011100
11111111111100110110101101111100
00000000000110000101011110110001
00000000000001011000100000011000
00000000010110111000000000011100
00000000000100111011011011011001
00000000000101001110101010101001
11111111111111011011000110000101
11111111110001101010110111100110
11111111110011010101011000110001
00000000010000111000010010111011
11111111111111011100011010011100
11111111111000100111111010011111
00000000000100000000100000011111
00000000001001100011000001011111
11111111111001001111100100101000
11111111101010100100110111100011
00000000000100000010000100001100
11111111111011000010101000000110
11111111111011010011101001000101
11111111111100101111110111101000
11111111111101010100001011011000
00000000100111111000010010110011
11111101010010001110011100001110
00000011111100101101000011010110
11111111011000010010110011011010
00000000010111001100010001001001
11111111101001010111000100110001
11111111111010111110101101000111
00000000000110101011000100111010
11111111111010100111111001010011
11111111110111010001110010110110
11111111111110100000001111100001
00000000001000000100000001101110
00000000001001001011000110011110
11111111111010001000000111100100
11111111111011100011011111110010
11111111111110111001100001110010
00000000000011001010111000111100
11111111111110111010100001001001
00000000000011101111110011111111
11111111111010111001011000111000
00000000001111010011011101011011
00000000001000000000000001000100
00000000000101000000001010110011
11111111100001111100010010100110
00000000111111000100011110001011
11111110001101111001101011101111
11111111101110010010011000111110
00000000111111110111100111000101
00000000010101110011001010000111
00000000000100000010110100001000
11111111100000111110101001100001
00000000011000111101001010011001
11111111110000111011110001101000
00000000000110000011011010100110
00000000000000100001001111000111
00000000000100100000110100100001
11111111111110001110110010100001
00000000001011001010100011011010
00000000001000110111000100010101
11111111111100111011001011001100
00000000001000110000000111000000
11111111111001001101001111110001
11111111110100111011000111100011
11111111111111100000001111100001
11111111111110111100011111101101
00000000010001000011100100101000
11111111111011110001111010111001
00000000000101101001101111001010
11111111111001111111101101110001
00000000010100100000001110111110
11111111111000011001111101110000
11111111100000111111001011101110
00000000000111000110000001001101
11111111111101010101110000001010
00000000010011101010011011011101
11111111100101110100100110101000
00000000000111000011001011010101
00000000101110100010101010011010
11111111110010011101000001111001
00000000000100100101001001101010
00000000100000111010111110010110
11111111101111111100001010110100
11111101101001001100011101011000
00000010001000000100110110100110
11111111011110011100000011000000
00000000001100000010001101111110
11111111101101100001001101110100
11111111110110110011011011100110
11111111110100110011010110111110
00000000000101110100100111001100
00000000000011010100001000010100
11111111110111111110001100110000
00000000010100101010000000001100
11111111111001000111100101101010
00000000000001110110000010111010
00000000000011000010011111011100
11111111111111001111011110010100
00000000001001111000101100000110
00000000000001110100100111110000
00000000001100000001010001111111
11111111011111001101011110101010
00000001010111100100010000000000
11111101101111100101000101111111
00000010100100000011011110100101
00000000001010010111101010111101
00000000001101001111010011111011
11111111010011001111110100001101
00000000000100010110110011110010
00000000001110011100101001100001
00000000000011010110101000110110
00000000000110010011000001000011
11111111110001010111101010111110
00000000001010110111110110111111
00000000000101011000111110010110
00000000001111101100110000001010
11111111111001011100000011000010
11111111110111101111010001101111
00000000000011001100010100111101
11111111111110100001111100100111
00000000000100100100101111001000
00000000000111111101100010111000
00000000000001110101011100101110
11111111111011000100010010111011
00000000000001101110001011010010
00000000001010010001101100010001
11111111111011001011010111010000
11111111111010011010010010010011
00000000000100011100011011101000
00000000001011100110011010000100
11111111101101010001001100111111
11111111111111111000111101000010
00000000000100111110101010111001
11111111111111001111111101010000
11111111111001011010011101110011
11111111111101000110000111100110
11111111110111011000001110011110
00000000010110010100100100111001
11111111010111101001011110001000
00000001000010110101110010010001
11111101110000101000101011000111
00000110000110011000111001001100
11111101000111010100011001101001
00000000000110001000110110111111
11111111101101100101110011110000
00000000000110110100000111011100
00000000000100011001100111111100
11111111111110110101010110000100
11111111111111100111010100111101
00000000000001100001010101101100
00000000000001111001010111100110
11111111111101010101111101101111
00000000000010000101010001101001
11111111110110010110001001100101
00000000000010111000101001101111
00000000001010001101011110101101
11111111111101000010110011101110
11111111111110101001001101001011
11111111111111111101110010010101
11111111011000010101001111001101
00000001010010111101010111010010
11111101011110100010111000010100
00000000111111110000110100011100
00000001010111001000110001111000
00000000001101111110101011111010
11111111111000011110000000000110
11111111111101111010011110001011
00000000000011010010111111000110
00000000000010100111100101111111
11111111111100001000100101110001
00000000000011111000111100110001
11111111111010011100110100010111
00000000000010010000111011001100
11111111111111111101000000001100
11111111101001110110000010011101
00000000010010010110110010101100
11111111111010101011111011000110
11111111110110110101011001001000
11111111111111111100100101100100
00000000000000111110011000100100
11111111110100111001000011010101
11111111111000010110110100011011
00000000001010111010011110011001
11111111101001101101101000001001
00000000000001010111110001110110
11111111111100100101001010101110
00000000000001011010010100010101
00000000001010101110000111001101
11111111110001110101100000011001
00000000010010100100100010000101
00000000000011100010111101111010
11111111110000101101111011010010
00000000000011010010001000110111
00000000001110101000100010100011
11111111101101100000011111011110
00000000100100000110010100010000
11111111101000001001010010001101
00000010010011000111000010001001
11111100001010010100100101111111
00000001101111011111100000100011
11111111001101110111100110011000
00000000001010110110011000000001
11111111111010011101011101011111
00000000000000001000100100100011
00000000000001011100111110000001
11111111110001011010111110010011
00000000000010111001010010110101
00000000001001010010010000101111
11111111100111000000010010101001
00000000000000001101010000001101
00000000001001101111110000001100
00000000000111000001011001111101
00000000001001011111001011101000
11111111110001001011101011011101
11111111111011110000111101010111
00000000000100000110101110000011
00000000001101010111110010011101
11111111011001111111110011110100
00000000110100111011001001100010
11111111111101001010101001111110
00000000000100111101000000101110
11111111111101010101001111011001
00000000000000110011100101100000
11111111111111110100000110010101
00000000000000000001101110001001
11111111111111111111111100010111
00000000000000000000000000100000
00000000000000000000000000111100
00000000000000000000000000111100
00000000000000000000000000111110
00000000000000000000000000111111
00000000000000000000000001000000
00000000000000000000000000111111
00000000000000000000000000111110
00000000000000000000000000111101
00000000000000000000000000111101
00000000000000000000000000111010
00000000000000000000000000110010
00000000000000000000001100011110
11111111111111111101010011001101
00000000000000010110001010101101
11111111111110000101011000000011
00000000000111011101010001100101
11111111100111101000101111111011
00000000111101010111100100101011
11111101011101000100001001111100
00000011111011100101110110001011
00000001011110001111100101011000
00000000010101111000100101000000
00000000000110001011100000101011
00000000010101010100110101001101
00000000000000100101100011001110
00000000001011111000110110010000
11111111111000001000110010000011
11111111111001011000111000110000
00000000100000110111100010101101
11111111010101110100010100010100
00000001101111000010010101001010
11111011001011000010101001111111
00001010000000011010100011000011
00000010000011100110011000001001
11111111000110010110110101111000
11111111110001010110011101101000
00000000100000110100001001001000
11111111111111111110100000101100
00000000000101101111111000111000
00000000010010000010000100011110
11111111111110001001111001110011
11111111110011010110011110011100
00000000000010011110011011000000
00000000010010001010000101111110
11111111010010000111010110100100
00000000100101011011111000010010
11111111101010011001101001001110
00000001010000110110001010000110
11111011111011000111000000111010
00001100100100111110101010101011
11111100101010111110100111111000
00000000011111100111111100111001
11111111011111010101110110110101
11111111111101010110011100100111
00000000010000101101011101111110
00000000000101100000101011101101
11111111101110101111000101011010
00000000100101110100011111110111
11111111000110000101000000111010
00000010100001101011000101100000
11111010101000111101111000110110
00001100110010001111001110010101
11111111101110010001001101001010
00000000001000110100001000000010
00000000010000111100111111010100
00000000010011011110000010111010
00000000001101010111011001001011
00000000000100011111111111110100
11111111101100001000101100100000
11111111011101011010100010101110
00000000000010000110001001100100
11111111111111010000001100010100
11111111111101011101100100011100
11111111101111101111000110111000
11111111101101101001011110110111
11111111111110001000010100010010
11111111100011001000111000010000
00000011000101111010111100011011
11111001010110100011011111111001
00001001100111000011101001101001
00000010000101111010110110011111
00000000111100000000110101110000
11111111000000101100111110101011
00000000010110111000001101100100
00000000000001100101111010001111
11111111100110010000101011110110
11111111111101111010000101011110
11111111110010000000001101001111
11111111111111101101001010011101
11111101110000001011100101001010
11111000000111100000001110011001
00000110000001001010110011101101
11111101100100001111110011010100
00000000011111110101000111110111
11111111110001000000111000101000
11111111111111010001001010011010
00000000001000010011010101100000
00000000000100001010100101010011
11111111110110111101110000110011
00000000001101111110101101111000
00000000000000010110100100101001
11111111111001110110111001100011
11111111111101000011101000011100
00000000000011111011110001110001
00000000001010110010110100001010
11111111011110011001101001101011
00000001001111110011100100110100
11111110111101010001011010110110
00001010111011110100010011101000
11111001011010111010011011100111
00000000101110100010011011011111
11111111010011111110100100011100
00000000010110010100110010100110
00000000001110000111111101010011
00000000000110000010100010111101
11111111111001100010100101011000
11111111011110010010001010101000
00000000001110010001000101011000
11111111011100000010110011110001
11110100100100101110111100101110
00000101110000000100000000100111
11111111001110100111111001110101
11111111111100100011101111111000
11111111111011011111100011100011
00000000001001111000000101000100
11111111100111111000100010001111
11111111111100001110000010111011
11111111111110101110110111111000
11111111111110011010000000011111
11111111111010000000101110010111
00000000000110010100100110000110
00000000000101000111010100100101
00000000100110111010000010001000
11111111100000011110110111111101
11111111110111010110000000110010
00000000100010000010010010101110
00000101110110111011110110111000
11110111100110001010010000000010
00000000100110001010011100001001
11111111010100011001101111110011
00000000001111000010011111100101
00000000000010000100111010101010
00000000001100011011101101110001
00000000000010100011011010010100
00000000001010000001111100111101
00000000011111111010111000100000
11111110111011011011110010100110
00000001001110000001001011011101
11111111111011011101110001001001
00000000000111100101100010000010
11111111111100000001100110010111
00000000000001001011101011110000
11111111111111101110101100011010
00000000000000000010011110001110
11111111111111111111111010101011
00000000000000000000000000010011
00000000000000000000000000111000
00000000000000000000000000111011
00000000000000000000000000111101
00000000000000000000000000111110
00000000000000000000000000111111
00000000000000000000000001000000
00000000000000000000000000111111
00000000000000000000000000111110
00000000000000000000000000111101
00000000000000000000000000111101
00000000000000000000000000111001
00000000000000000000000000110101
00000000000000000000000111110101
11111111111111111110010000011000
00000000000000001110001100000010
11111111111110111010010011100010
00000000000011111000111011001001
11111111110101100001011100111111
00000000010001011010011010001110
11111111011000100101001100110101
00000011111100000000111110100101
11111100110001110011110010010101
11111010010111110011101111001000
11111100000110010010101100010101
11111100011111010101101101100100
11111110111111011011011001000111
00000000110100001101101000101101
11111111010001111101100000100110
11111101101101111111110011100010
11111100010010110100000100001101
11111010101011010101000101110000
11111100010110010100111100111100
11111001111010001101100110110011
11111101101111001011110000101110
11100111000001110001000101101011
11101011000011111010101110010110
11111101010101100101000010010010
00000011110001001010101010000001
00000111110100000010110101011001
00001001101101110101000100101011
00000110100101000000001000101111
00000000100101101001111100011111
11111100110100110110110101010010
11111100000111110010010011011001
11111100001001100110001010001101
11111011010110010011010100111101
11111100100110110011011111101010
11111100000101110100011111110000
11111100000110111010001111000111
11111001111001111110100110101100
00001000101100111000100011111101
00000100100010100001000001101100
11110100110101111101010111110000
11111011110101100111110010100100
11111001110110100001010000000010
11111100001001101100100100110101
11111101001001010001100100011010
11111110001100100000111000011000
11111110010001111001100101101111
11111101001011110001100010111000
11111101110101111100110011011010
11111100110010001000111100001010
00000101010110110100000010100110
11011101010000101101010000010001
11100101101001001110111111110010
11111110111001100001110110111101
00001000101011100001101010011111
00010001100011001111010011011100
00010011011001110000010111110111
00001010010101010111101101000101
00000010000101000100100000111100
11111111101011110100011111111000
11111110000101110101110010101111
11111101010010111101010001010110
11111100100011100001111001011110
11111101000010111101011000100011
11111101110011110011010111000010
11111100101110110011101110100101
11111101010000101110000110000011
11111001110101111011010110111111
00001011100111110001001110111000
11111110000011011101010101010000
11110100110100101001110100011011
11111000000111000000010100010101
11110110110010011100010100111110
11110111111101000111010011101101
11111000110000110101101000101011
11111001101000101010010110100110
11111000110110100110000100010001
11111000100001100101000100110100
11111011101100101000011000000000
11110100011001001011111011100111
11010011110011101100110001010011
11110001011011101001111111001000
11111101100011110101000001011001
00000111111101111101011011000101
00001100111000111001000010010100
00001011101000000010101101111100
00000010101101100011011010111101
11111100100001100000111111010101
11111011001010001001010001110011
11111010011111011011001111001011
11111010011001000010010111100011
11111010001011010000101000110110
11111010010010000100010011010101
11111011000000000101111110111000
11111100001011110010110100011011
11111010111111000000110111011001
11111001100011000100101100101011
00000011110001100101100110000100
00000110010100100101110111001111
11110011111010010011101011110110
11111010111100110110011110010001
11111000111000010001111011010010
11111010001111101011010100010000
11111011010011010110001001101010
11111100111011110110100000011100
11111100101001101001001111101101
11111100001110111101111001011010
11111111101010011101111110100011
11110101010001000101011000010100
11010011011010101010111001100010
11110111001100001100101110101111
00000011100101101000101101101000
00001100100100000000111010111010
00010010101110100110000011011111
00001111011010010101010100101100
00000100111001101000001111100001
11111111101100001100001110100110
11111110010000101011000001100110
11111101101101100000011011110101
11111100110010101110010001110011
11111100001111010001010110010011
11111100011011011010100100101100
11111100101111010010101001000100
11111011100000010001110100100000
11111010011011001000000001001100
00000001001110010010000000001101
00001000100101100110000001100101
11110011111011110011110101000111
11111010000000111000110111110010
11111000001101110000110011100101
11111001101010010101010111110010
11111010011111000000100001000000
11111011011001101001011001001101
11111011011100010110000100110010
11111011001010110110100011111011
11111010001010110100011101111110
11111100100011001101100000011001
00000000100100000110001011110100
11111111100111010110010011001101
00000000000111000111000111001111
11111111111101110011101011001111
00000000000000011011101111110101
11111111111111111100100110001111
00000000000000000000001101110100
00000000000000000000000001101001
00000000000000000000000000111110
00000000000000000000000000111011
00000000000000000000000000111100
00000000000000000000000000111101
00000000000000000000000000111110
00000000000000000000000000111111
