00000010000110010010111000101001
00000010000110010010111000101001
00000010000110010010111000101001
00000010000110010010111000101001
00000010000110010010111000101001
00000010000110010010111000101001
00000010000110010010111000101001
00000010000110010010111000101001
00000010000110010010111000101001
00000000000111101011001000101110
11111110101111011011000100011010
11111110000001011000010000000100
11111101110010000001111110100111
11111101111111011101011101111000
11111110010010101001010011101100
11111110100111101111111011101011
11111110101101100000010010001110
11111110110011010000101000110001
11111110110111000110001101001000
11111110110011010000101000110001
11111110110011010000101000110001
11111110101111011011000100011010
11111110100111101111111011101011
11111110100000000100110010111101
11111110011110001010000000110001
11111110100001111111100101001001
11111110100011111010010111010100
11111110101101100000010010001110
11111110100101110101001001100000
11111110100111101111111011101011
11111110100111101111111011101011
11111110110001010101110110100101
11111110111010111011110001011111
11111111000000101100001000000010
11111110110101001011011010111100
11111110101111011011000100011010
11111110101101100000010010001110
11111110110101001011011010111100
11111110111110110001010101110110
11111111000100100001101100011001
11111110111100110110100011101011
11111110110101001011011010111100
11111110101111011011000100011010
11111110110011010000101000110001
11111110110011010000101000110001
11111110110101001011011010111100
11111110111001000000111111010011
11111110111001000000111111010011
11111110111010111011110001011111
11111110111100110110100011101011
11111110111100110110100011101011
11111111000000101100001000000010
11111111001010010010000010111100
11111111010001111101001011101010
11111111010011110111111101110101
11111111001110000111100111010011
11111111000100100001101100011001
11111110110111000110001101001000
11111110110111000110001101001000
11111110111001000000111111010011
11111110111010111011110001011111
11111111000010100110111010001101
11111111001010010010000010111100
11111111001110000111100111010011
11111111010101110010110000000001
11111111010001111101001011101010
11111111001110000111100111010011
11111111001110000111100111010011
11111111010000000010011001011110
11111111011011100011000110100100
11111111011011100011000110100100
11111111011101011101111000101111
11111111100001010011011101000110
11111111100011001110001111010010
11111111100101001001000001011110
11111111100011001110001111010010
11111111100111000011110011101001
11111111101010111001011000000000
11111111101000111110100101110101
11111111101010111001011000000000
11111111110000101001101110100011
11111111110100011111010010111010
11111111111000010100110111010001
11111111111010001111101001011101
11111111111010001111101001011101
11111111111100001010011011101000
00000000000101110000010110100010
00000000001101011011011111010000
00000000001001100101111010111001
00000000000101110000010110100010
00000000000101110000010110100010
00000000001001100101111010111001
00000000001001100101111010111001
00000000001111010110010001011100
00000000001111010110010001011100
00000000001011100000101101000101
00000000000101110000010110100010
00000000000111101011001000101110
00000000001101011011011111010000
00000000010001010001000011101000
00000000010011001011110101110011
00000000001001100101111010111001
00000000000111101011001000101110
00000000000111101011001000101110
00000000000011110101100100010111
00000000000011110101100100010111
00000000000000000000000000000000
11111111111110000101001101110100
11111111110110011010000101000110
11111111111000010100110111010001
11111111110100011111010010111010
11111111110100011111010010111010
11111111110010100100100000101111
11111111101110101110111100010111
11111111101010111001011000000000
11111111101000111110100101110101
11111111100111000011110011101001
11111111100011001110001111010010
11111111100001010011011101000110
11111111100011001110001111010010
11111111100011001110001111010010
11111111100011001110001111010010
11111111100101001001000001011110
11111111100011001110001111010010
11111111100001010011011101000110
11111111011101011101111000101111
11111111011001101000010100011000
11111111011011100011000110100100
11111111011011100011000110100100
11111111011111011000101010111011
11111111011011100011000110100100
11111111011001101000010100011000
11111111011001101000010100011000
11111111010011110111111101110101
11111111010011110111111101110101
11111111001110000111100111010011
11111111001010010010000010111100
11111111000110011100011110100100
11111111000010100110111010001101
11111111001000010111010000110000
11111111000100100001101100011001
11111111000010100110111010001101
11111110111110110001010101110110
11111110111001000000111111010011
11111110111100110110100011101011
11111110111110110001010101110110
11111111000000101100001000000010
11111110111110110001010101110110
11111110111110110001010101110110
11111111000000101100001000000010
11111110111010111011110001011111
11111110111010111011110001011111
11111110110011010000101000110001
11111110110011010000101000110001
11111110101101100000010010001110
11111110110001010101110110100101
11111110101111011011000100011010
11111110110001010101110110100101
11111110101111011011000100011010
11111110101011100101100000000010
11111110101001101010101101110111
11111110101001101010101101110111
11111110100011111010010111010100
11111110101001101010101101110111
11111110101111011011000100011010
11111110110001010101110110100101
11111110110101001011011010111100
11111110110111000110001101001000
11111110110011010000101000110001
11111110110111000110001101001000
11111110110111000110001101001000
11111110111001000000111111010011
11111110111110110001010101110110
11111110111110110001010101110110
11111110111100110110100011101011
11111111000000101100001000000010
11111111000000101100001000000010
11111110111001000000111111010011
11111110111001000000111111010011
11111110110001010101110110100101
11111110110001010101110110100101
11111110101111011011000100011010
11111110110101001011011010111100
11111110110101001011011010111100
11111110110111000110001101001000
11111110110101001011011010111100
11111110110101001011011010111100
11111110110101001011011010111100
11111110111001000000111111010011
11111110111100110110100011101011
11111110111100110110100011101011
11111110110011010000101000110001
11111110101001101010101101110111
11111110100000000100110010111101
11111110100011111010010111010100
11111110100011111010010111010100
11111110100011111010010111010100
11111110100000000100110010111101
11111110011100001111001110100110
11111110011000011001101010001111
11111110010100100100000101111000
11111110001010111110001010111110
11111101111111011101011101111000
11111101111001101101000111010110
11111101111101100010101011101101
11111110010010101001010011101100
11111110110001010101110110100101
11111111001100001100110101000111
11111111011011100011000110100100
11111111101110101110111100010111
00000000000011110101100100010111
00000000011100110001110000101101
00000000110101101101111101000011
00000001000011001001011100010100
00000000110011110011001010111000
00000000010001010001000011101000
11111111000100100001101100011001
11111101011100111011010110101000
11111011101111100100101010010100
11111010100000111010100000111010
11111001011101110001000100100101
11111000011110011101001100100111
11110111101000101111001111100011
11110111001101111000010001000001
11110110111110100001111111100101
11110111000100010010010110000111
11110111010011101000100111100100
11110111101010101010000001101111
11110111111101110101110111100010
11111000011000101100110110000100
11111001000100110100111000001111
11111001110110101101010000111011
11111010010011011111000001101001
11111010011011001010001010010111
11111010011011001010001010010111
11111010100010110101010011000110
11111010101100011011001101111111
11111010110100000110010110101110
11111010111101101100010001101000
11111011001101000010100011000100
11111011011110010011100110101100
11111011101101101001111000001001
11111100000010110000100000001000
11111100001110010001001101001110
11111100100001011101000011000001
11111100110000110011010100011110
11111100111100010100000001100011
11111101001101100101000101001011
11111101011001000101110010010001
11111101101000011100000011101101
11111101110011111100110000110011
11111110000111001000100110100111
11111110011010010100011100011010
11111110110011010000101000110001
11111111000100100001101100011001
11111111011101011101111000101111
11111111110000101001101110100011
11111111111010001111101001011101
11111111111100001010011011101000
00000000000001111010110010001011
00000000001011100000101101000101
00000000010101000110100111111111
00000000011110101100100010111001
00000000100000100111010101000100
00000000100010100010000111010000
00000000101010001101001111111110
00000000101010001101001111111110
00000000110001111000011000101100
00000000111001100011100001011011
00000000111011011110010011100110
00000000111001100011100001011011
00000001000101000100001110100000
00000001000110111111000000101100
00000001001110101010001001011010
00000001010100011010011111111101
00000001011010001010110110011111
00000001011010001010110110011111
00000001100001110101111111001110
00000001100111100110010101110000
00000001101111010001011110011111
00000001101111010001011110011111
00000001110011000111000010110110
00000001110011000111000010110110
00000001110101000001110101000001
00000001111100101100111101110000
00000001111000110111011001011000
00000001110110111100100111001101
00000001111000110111011001011000
00000001111000110111011001011000
00000010000100011000000110011110
00000010001010001000011101000001
00000010001101111110000001011000
00000010001111111000110011100011
00000010001111111000110011100011
00000010001100000011001111001100
00000010001111111000110011100011
00000010010011101110010111111010
00000010011101010100010010110100
00000010011011011001100000101001
00000010011001011110101110011101
00000010011001011110101110011101
00000010011011011001100000101001
00000010011001011110101110011101
00000010011101010100010010110100
00000010010111100011111100010010
00000010011001011110101110011101
00000010010011101110010111111010
00000010010101101001001010000110
00000010010111100011111100010010
00000010010011101110010111111010
00000010010001110011100101101111
00000010001000001101101010110101
00000010001000001101101010110101
00000010001000001101101010110101
00000010000110010010111000101001
00000001111100101100111101110000
00000001110011000111000010110110
00000001101011011011111010000111
00000001011111111011001101000010
00000001011111111011001101000010
00000001011111111011001101000010
00000001011111111011001101000010
00000001011010001010110110011111
00000001010000100100111011100101
00000001000011001001011100010100
00000000111111010011110111111101
00000000111101011001000101110010
00000000110111101000101111001111
00000000110101101101111101000011
00000000110111101000101111001111
00000000110001111000011000101100
00000000100110010111101011100111
00000000011110101100100010111001
00000000001111010110010001011100
00000000000101110000010110100010
11111111111100001010011011101000
11111111110110011010000101000110
11111111110110011010000101000110
11111111110100011111010010111010
11111111110000101001101110100011
11111111101110101110111100010111
11111111100101001001000001011110
11111111010111101101100010001101
11111111100001010011011101000110
11111111100011001110001111010010
11111111011111011000101010111011
11111111011101011101111000101111
11111111010101110010110000000001
11111111001110000111100111010011
11111111010001111101001011101010
11111111010011110111111101110101
11111111010000000010011001011110
11111111000110011100011110100100
11111110111110110001010101110110
11111111000010100110111010001101
11111111000010100110111010001101
11111111000110011100011110100100
11111111000100100001101100011001
11111111000010100110111010001101
11111110111110110001010101110110
11111110111001000000111111010011
11111110111010111011110001011111
11111110111010111011110001011111
11111110110111000110001101001000
11111110111010111011110001011111
11111110111110110001010101110110
11111111000010100110111010001101
11111111001010010010000010111100
11111111001010010010000010111100
11111111001000010111010000110000
11111110111110110001010101110110
11111110111010111011110001011111
11111110111100110110100011101011
11111111000010100110111010001101
11111111000100100001101100011001
11111111000100100001101100011001
11111111000000101100001000000010
11111111000110011100011110100100
11111111000100100001101100011001
11111111000110011100011110100100
11111111001000010111010000110000
11111111001000010111010000110000
11111111000000101100001000000010
11111110110101001011011010111100
11111110110001010101110110100101
11111110110111000110001101001000
11111110111010111011110001011111
11111111000000101100001000000010
11111110111110110001010101110110
11111111000010100110111010001101
11111110111110110001010101110110
11111111000000101100001000000010
11111110111110110001010101110110
11111110111110110001010101110110
11111110111110110001010101110110
11111110111110110001010101110110
11111110111001000000111111010011
11111110110111000110001101001000
11111110111010111011110001011111
11111110111010111011110001011111
11111110111010111011110001011111
11111110111100110110100011101011
11111110110011010000101000110001
11111110101111011011000100011010
11111110110011010000101000110001
11111110110011010000101000110001
11111110101111011011000100011010
11111110101101100000010010001110
11111110101111011011000100011010
11111110110011010000101000110001
11111110111100110110100011101011
11111111000010100110111010001101
11111111001000010111010000110000
11111111001000010111010000110000
11111111001100001100110101000111
11111111001010010010000010111100
11111111001100001100110101000111
11111111001110000111100111010011
11111111010001111101001011101010
11111111010011110111111101110101
11111111010101110010110000000001
11111111010111101101100010001101
11111111011001101000010100011000
11111111011011100011000110100100
11111111010101110010110000000001
11111111001010010010000010111100
11111110111100110110100011101011
11111110111010111011110001011111
11111110111010111011110001011111
11111110111010111011110001011111
11111111000000101100001000000010
11111110111100110110100011101011
11111110111100110110100011101011
11111110111100110110100011101011
11111111000000101100001000000010
11111111000000101100001000000010
11111111000000101100001000000010
11111110111100110110100011101011
11111111000000101100001000000010
11111111000010100110111010001101
11111111000100100001101100011001
11111111000110011100011110100100
11111111000100100001101100011001
11111111000010100110111010001101
11111111000010100110111010001101
11111111000100100001101100011001
11111111001000010111010000110000
11111111000110011100011110100100
11111111000110011100011110100100
11111110111001000000111111010011
11111110110011010000101000110001
11111110110011010000101000110001
11111110110101001011011010111100
11111110110111000110001101001000
11111110110111000110001101001000
11111110110101001011011010111100
11111110110011010000101000110001
11111110110101001011011010111100
11111110111001000000111111010011
11111110111100110110100011101011
11111110111100110110100011101011
11111111000100100001101100011001
11111110111110110001010101110110
11111110111110110001010101110110
11111111000000101100001000000010
11111111000110011100011110100100
11111111000010100110111010001101
11111111000000101100001000000010
11111110111100110110100011101011
11111110111110110001010101110110
11111110111110110001010101110110
11111110111001000000111111010011
11111110101101100000010010001110
11111110101001101010101101110111
11111110110111000110001101001000
11111111010000000010011001011110
11111111110000101001101110100011
00000000010011001011110101110011
00000000101111111101100110100001
00000001010010011111101101110001
00000001111010110010001011100100
00000010011111001111000101000000
00000010111111110110011010000101
00000011101000001000110111111000
00000100010110001011101100001101
00000101000100001110100000100011
00000101101000101011011001111111
00000110010110101110001110010101
00000110101001111010000100001000
00000110100110000100011111110001
00000110000001100111100110010101
00000101001001111110110111000110
00000011101011111110011100001111
00000001011100000101101000101011
11111111010101110010110000000001
11111101111111011101011101111000
11111101001111011111110111010111
11111100111010011001001111011000
11111100110000110011010100011110
11111100111100010100000001100011
11111101010111001011000000000101
11111101101100010001101000000101
11111101110101110111100010111110
11111101111001101101000111010110
11111101111111011101011101111000
11111110000101001101110100011011
11111110001110110011101111010101
11111110001100111000111101001001
11111110001100111000111101001001
11111110000011010011000010001111
11111101111111011101011101111000
11111101111111011101011101111000
11111101111111011101011101111000
11111110000011010011000010001111
11111110001001000011011000110010
11111110001100111000111101001001
11111110010100100100000101111000
11111110011100001111001110100110
11111110100011111010010111010100
11111110100001111111100101001001
11111110011100001111001110100110
11111110011000011001101010001111
11111110010100100100000101111000
11111110010100100100000101111000
11111110010110011110111000000011
11111110011000011001101010001111
11111110010110011110111000000011
11111110010100100100000101111000
11111110011110001010000000110001
11111110100000000100110010111101
11111110100011111010010111010100
11111110100101110101001001100000
11111110100101110101001001100000
11111110100101110101001001100000
11111110100011111010010111010100
11111110100101110101001001100000
11111110100101110101001001100000
11111110100111101111111011101011
11111110100011111010010111010100
11111110101001101010101101110111
11111110100111101111111011101011
11111110101001101010101101110111
11111110101111011011000100011010
11111110110101001011011010111100
11111110101101100000010010001110
11111110101011100101100000000010
11111110100011111010010111010100
11111110100111101111111011101011
11111110100111101111111011101011
11111110101101100000010010001110
11111110101111011011000100011010
11111110101111011011000100011010
11111110101011100101100000000010
11111110110001010101110110100101
11111110111010111011110001011111
11111110111001000000111111010011
11111110110111000110001101001000
11111110110111000110001101001000
11111110110101001011011010111100
11111111000010100110111010001101
11111111001010010010000010111100
11111111001110000111100111010011
11111111010000000010011001011110
11111111001110000111100111010011
11111111001010010010000010111100
11111111001110000111100111010011
11111111010001111101001011101010
11111111010000000010011001011110
11111111010000000010011001011110
11111111001000010111010000110000
11111111010000000010011001011110
11111111010001111101001011101010
11111111010000000010011001011110
11111111010011110111111101110101
11111111010001111101001011101010
11111111001010010010000010111100
11111111000110011100011110100100
11111111001000010111010000110000
11111111001100001100110101000111
11111111010101110010110000000001
11111111010111101101100010001101
11111111011001101000010100011000
11111111011111011000101010111011
11111111011011100011000110100100
11111111100001010011011101000110
11111111100111000011110011101001
11111111100101001001000001011110
11111111100101001001000001011110
11111111100011001110001111010010
11111111100101001001000001011110
11111111101000111110100101110101
11111111101010111001011000000000
11111111101100110100001010001100
11111111100011001110001111010010
11111111100111000011110011101001
11111111100111000011110011101001
11111111100101001001000001011110
11111111100001010011011101000110
11111111100001010011011101000110
11111111100001010011011101000110
11111111100001010011011101000110
11111111100001010011011101000110
11111111100001010011011101000110
11111111100011001110001111010010
11111111011101011101111000101111
11111111011101011101111000101111
11111111011111011000101010111011
11111111011101011101111000101111
11111111100011001110001111010010
11111111100011001110001111010010
11111111100101001001000001011110
11111111100011001110001111010010
11111111011101011101111000101111
11111111100011001110001111010010
11111111100111000011110011101001
11111111100101001001000001011110
11111111100101001001000001011110
11111111011111011000101010111011
11111111011101011101111000101111
11111111011101011101111000101111
11111111100001010011011101000110
11111111011001101000010100011000
11111111010111101101100010001101
11111111010011110111111101110101
11111111010001111101001011101010
11111111010011110111111101110101
11111111011001101000010100011000
11111111010111101101100010001101
11111111010001111101001011101010
11111111001010010010000010111100
11111111001010010010000010111100
11111111010011110111111101110101
11111111100101001001000001011110
11111111100011001110001111010010
11111111011101011101111000101111
11111111010111101101100010001101
11111111010011110111111101110101
11111111010101110010110000000001
11111111010101110010110000000001
11111111001110000111100111010011
11111111001100001100110101000111
11111111000110011100011110100100
11111111001110000111100111010011
11111111010000000010011001011110
11111111010000000010011001011110
11111111001010010010000010111100
11111111000100100001101100011001
11111111000100100001101100011001
11111111000100100001101100011001
11111111000100100001101100011001
11111111001000010111010000110000
11111111001110000111100111010011
11111111001110000111100111010011
11111111001110000111100111010011
11111111010001111101001011101010
11111111010101110010110000000001
11111111011101011101111000101111
11111111100101001001000001011110
11111111101000111110100101110101
11111111100001010011011101000110
11111111100011001110001111010010
11111111101100110100001010001100
11111111111010001111101001011101
00000000000001111010110010001011
00000000000111101011001000101110
00000000000111101011001000101110
00000000001111010110010001011100
00000000010111000001011010001010
00000000011110101100100010111001
00000000101000010010011101110010
00000000101010001101001111111110
00000000100100011100111001011011
00000000101110000010110100010101
00000001001100101111010111001110
00000001100101101011100011100101
00000001100101101011100011100101
00000001010100011010011111111101
00000001001100101111010111001110
00000001001000111001110010110111
00000000111001100011100001011011
00000000001101011011011111010000
11111110101001101010101101110111
11111100010000001011111111011001
11111001011101110001000100100101
11110111001010000010101100101010
11110101100010011100010110111001
11110100101000111000110101011110
11110100010001110111011011010011
11110100000010100001001001110111
11110011111100110000110011010100
11110100000000100110010111101011
11110100001110000001110110111100
11110100100101000011010001000111
11110100111100000100101011010010
11110101100000100001100100101110
11110110011000001010010011111101
11110111001010000010101100101010
11110111111010000000010011001011
11111000010110110010000011111001
11111000100110001000010101010101
11111000111011001110111101010101
11111001011000000000101110000010
11111001110010110111101100100100
11111010010111010100100110000000
11111011000001100001110101111111
11111011011000100011010000001010
11111011101101101001111000001001
11111100000000110101101101111101
11111100010111110111001000000111
11111100111000011110011101001100
11111101001101100101000101001011
11111101011110110110001000110100
11111101100110100001010001100010
11111101101010010110110101111001
11111101110000000111001100011100
11111101111101100010101011101101
11111110001010111110001010111110
11111110011000011001101010001111
11111110110111000110001101001000
11111111010000000010011001011110
11111111101000111110100101110101
11111111111110000101001101110100
00000000010011001011110101110011
00000000101010001101001111111110
00000000111001100011100001011011
00000001000110111111000000101100
00000001010000100100111011100101
00000001011000010000000100010100
00000001100011110000110001011001
00000001101101010110101100010011
00000001111100101100111101110000
00000001111110100111101111111011
00000001111100101100111101110000
00000010000110010010111000101001
00000010010101101001001010000110
00000010100100111111011011100011
00000010110100010101101100111111
00000010110010011010111010110100
00000010111010000110000011100010
00000011000001110001001100010000
00000011000111100001100010110011
00000011001111001100101011100001
00000011010110110111110100001111
00000011100000011101101111001001
00000011100110001110000101101100
00000011101101111001001110011010
00000011110111011111001001010100
00000011111011010100101101101011
00000100000010111111110110011010
00000100000100111010101000100101
00000100001010101010111111001000
00000100010010010110000111110110
00000100100001101100011001010011
00000100101101001101000110011000
00000100110100111000001111000110
00000100110001000010101010101111
00000100110100111000001111000110
00000100111010101000100101101001
00000101000010010011101110010111
00000101001011111001101001010001
00000101001000000100000100111010
00000101000110001001010010101111
00000101000000011000111100001100
00000100111110011110001010000000
00000101000000011000111100001100
00000100111100100011010111110101
00000100110010111101011100111011
00000100101111000111111000100100
00000100100111011100101111110101
00000100101011010010010100001101
00000100100111011100101111110101
00000100100001101100011001010011
00000100010010010110000111110110
00000100000100111010101000100101
00000011111111001010010010000010
00000011110101100100010111001001
00000011101011111110011100001111
00000011101000001000110111111000
00000011100000011101101111001001
00000011010110110111110100001111
00000011001011010111000111001010
00000010111101111011100111111001
00000010110000100000001000101000
00000010100110111010001101101110
00000010011001011110101110011101
00000010001010001000011101000001
00000001111100101100111101110000
00000001101111010001011110011111
00000001101001100001000111111100
00000001011110000000011010110110
00000001001110101010001001011010
00000001000110111111000000101100
00000001000110111111000000101100
00000001000011001001011100010100
00000000111111010011110111111101
00000000111011011110010011100110
00000000110101101101111101000011
00000000110001111000011000101100
00000000101010001101001111111110
00000000100100011100111001011011
00000000011100110001110000101101
00000000010101000110100111111111
00000000001101011011011111010000
00000000000101110000010110100010
11111111111110000101001101110100
00000000000011110101100100010111
00000000000101110000010110100010
00000000000000000000000000000000
11111111111000010100110111010001
11111111110000101001101110100011
11111111101010111001011000000000
11111111110010100100100000101111
11111111111110000101001101110100
00000000000001111010110010001011
11111111111110000101001101110100
11111111110110011010000101000110
11111111111000010100110111010001
11111111111100001010011011101000
11111111111010001111101001011101
11111111111000010100110111010001
11111111110100011111010010111010
11111111101110101110111100010111
11111111101000111110100101110101
11111111100111000011110011101001
11111111101000111110100101110101
11111111101100110100001010001100
11111111101000111110100101110101
11111111011111011000101010111011
11111111011101011101111000101111
11111111010101110010110000000001
11111111010111101101100010001101
11111111011011100011000110100100
11111111011111011000101010111011
11111111100011001110001111010010
11111111100001010011011101000110
11111111011011100011000110100100
11111111011011100011000110100100
11111111011101011101111000101111
11111111011011100011000110100100
11111111010011110111111101110101
11111111010011110111111101110101
11111111010001111101001011101010
11111111010101110010110000000001
11111111011011100011000110100100
11111111010111101101100010001101
11111111010101110010110000000001
11111111010000000010011001011110
11111111010011110111111101110101
11111111011101011101111000101111
11111111011011100011000110100100
11111111010101110010110000000001
11111111010000000010011001011110
11111111001100001100110101000111
11111111001110000111100111010011
11111111010000000010011001011110
11111111010000000010011001011110
11111111001100001100110101000111
11111111001000010111010000110000
11111111000100100001101100011001
11111111001000010111010000110000
11111111001110000111100111010011
11111111001100001100110101000111
11111111001010010010000010111100
11111111000100100001101100011001
11111111000100100001101100011001
11111111001100001100110101000111
11111111010000000010011001011110
11111111001110000111100111010011
11111111001100001100110101000111
11111111001000010111010000110000
11111111000000101100001000000010
11111110110111000110001101001000
11111110111100110110100011101011
11111111000110011100011110100100
11111111001100001100110101000111
11111111010000000010011001011110
11111111001000010111010000110000
11111111010101110010110000000001
11111111011101011101111000101111
11111111100101001001000001011110
11111111100011001110001111010010
11111111011101011101111000101111
11111111001100001100110101000111
11111111000110011100011110100100
11111111000100100001101100011001
11111111000100100001101100011001
11111111010001111101001011101010
11111111011001101000010100011000
11111111100001010011011101000110
11111111100111000011110011101001
11111111100011001110001111010010
11111111011011100011000110100100
11111111011001101000010100011000
11111111011011100011000110100100
11111111011111011000101010111011
11111111100001010011011101000110
11111111100001010011011101000110
11111111100001010011011101000110
11111111011011100011000110100100
11111111010001111101001011101010
11111111010000000010011001011110
11111111010000000010011001011110
11111111010000000010011001011110
11111111001110000111100111010011
11111111001100001100110101000111
11111111001110000111100111010011
11111111001110000111100111010011
11111111010001111101001011101010
11111111010011110111111101110101
11111111010111101101100010001101
11111111010001111101001011101010
11111111001000010111010000110000
11111111001100001100110101000111
11111111010101110010110000000001
11111111010101110010110000000001
11111111010101110010110000000001
11111111010000000010011001011110
11111111010111101101100010001101
11111111011001101000010100011000
11111111100001010011011101000110
11111111101100110100001010001100
11111111110100011111010010111010
11111111100101001001000001011110
11111111010001111101001011101010
11111110111001000000111111010011
11111110101101100000010010001110
11111110101011100101100000000010
11111110111001000000111111010011
11111111000010100110111010001101
11111111000010100110111010001101
11111111001000010111010000110000
11111111000110011100011110100100
11111111001110000111100111010011
11111111001010010010000010111100
11111111000110011100011110100100
11111110111110110001010101110110
11111110110111000110001101001000
11111110111001000000111111010011
11111110111110110001010101110110
11111110111100110110100011101011
11111111000000101100001000000010
11111111000010100110111010001101
11111110111010111011110001011111
11111110111100110110100011101011
11111110111001000000111111010011
11111110111001000000111111010011
11111110110111000110001101001000
11111110110001010101110110100101
11111110101111011011000100011010
11111110101101100000010010001110
11111110101101100000010010001110
11111110111010111011110001011111
11111111010000000010011001011110
11111111100011001110001111010010
00000000000000000000000000000000
00000000100000100111010101000100
00000001001000111001110010110111
00000001101111010001011110011111
00000010001010001000011101000001
00000010101000110100111111111010
00000011001101010001111001010110
00000100000100111010101000100101
00000100110010111101011100111011
00000101011011001111111010101110
00000101111101110010000001111110
00000110001001010010101111000100
00000110000001100111100110010101
00000101100001000000010001010001
00000100101111000111111000100100
00000011011010101101011000100111
00000001010110010101010010001000
11111111010001111101001011101010
11111101111111011101011101111000
11111101011011000000100100011100
11111100111110001110110011101111
11111100111000011110011101001100
11111101000010000100011000000110
11111101010111001011000000000101
11111101100110100001010001100010
11111101110011111100110000110011
11111101110010000001111110100111
11111101101100010001101000000101
11111101110101110111100010111110
11111101110010000001111110100111
11111101101110001100011010010000
11111101101010010110110101111001
11111101100000110000111010111111
11111101100100100110011111010110
11111101100100100110011111010110
11111101100100100110011111010110
11111101100000110000111010111111
11111101100010101011101101001011
11111101101000011100000011101101
11111101101100010001101000000101
11111101101100010001101000000101
11111101101100010001101000000101
11111101110011111100110000110011
11111101110111110010010101001010
11111101111011100111111001100001
11111101111111011101011101111000
11111101110111110010010101001010
11111101101010010110110101111001
11111101100110100001010001100010
11111101101010010110110101111001
11111101110101110111100010111110
11111110000001011000010000000100
11111101111101100010101011101101
11111101101110001100011010010000
11111101101000011100000011101101
11111101100100100110011111010110
11111101101010010110110101111001
11111101101000011100000011101101
11111101101010010110110101111001
11111101100110100001010001100010
11111101100110100001010001100010
11111101101000011100000011101101
11111101101010010110110101111001
11111101101100010001101000000101
11111101101010010110110101111001
11111101101100010001101000000101
11111101101100010001101000000101
11111101101110001100011010010000
11111101110010000001111110100111
11111101111101100010101011101101
11111101111111011101011101111000
11111101111111011101011101111000
11111110000001011000010000000100
11111110000011010011000010001111
11111101111001101101000111010110
11111101110011111100110000110011
11111101110111110010010101001010
11111101111011100111111001100001
11111101111101100010101011101101
11111101111101100010101011101101
11111101110101110111100010111110
11111101111001101101000111010110
11111101111011100111111001100001
11111101111001101101000111010110
11111101110111110010010101001010
11111101111011100111111001100001
11111101111101100010101011101101
11111101111111011101011101111000
11111101111011100111111001100001
11111101110011111100110000110011
11111101111001101101000111010110
11111101111001101101000111010110
11111101111111011101011101111000
11111110000001011000010000000100
11111110001001000011011000110010
11111110010000101110100001100000
11111110010010101001010011101100
11111110011010010100011100011010
11111110010110011110111000000011
11111110010100100100000101111000
11111110001100111000111101001001
11111110001010111110001010111110
11111110001010111110001010111110
11111110001110110011101111010101
11111110010010101001010011101100
11111110001010111110001010111110
11111110000101001101110100011011
11111110000101001101110100011011
11111110001010111110001010111110
11111110010110011110111000000011
11111110011010010100011100011010
11111110010110011110111000000011
11111110010010101001010011101100
11111110010100100100000101111000
11111110011000011001101010001111
11111110011100001111001110100110
11111110100000000100110010111101
11111110011110001010000000110001
11111110011110001010000000110001
11111110011010010100011100011010
11111110011010010100011100011010
11111110100000000100110010111101
11111110011100001111001110100110
11111110100001111111100101001001
11111110011100001111001110100110
11111110010010101001010011101100
11111110010000101110100001100000
11111110010000101110100001100000
11111110010100100100000101111000
11111110010010101001010011101100
11111110010010101001010011101100
11111110010100100100000101111000
11111110001001000011011000110010
11111110001001000011011000110010
11111110001100111000111101001001
11111110010010101001010011101100
11111110010110011110111000000011
11111110001110110011101111010101
11111110001010111110001010111110
11111110001100111000111101001001
11111110001100111000111101001001
11111110000101001101110100011011
11111110001100111000111101001001
11111110001010111110001010111110
11111110000111001000100110100111
11111110001010111110001010111110
11111110001110110011101111010101
11111110001110110011101111010101
11111110001010111110001010111110
11111101111111011101011101111000
11111101111111011101011101111000
11111101111101100010101011101101
11111101111111011101011101111000
11111101111111011101011101111000
11111101111011100111111001100001
11111101110101110111100010111110
11111101110011111100110000110011
11111101110111110010010101001010
11111101111111011101011101111000
11111110000001011000010000000100
11111110000101001101110100011011
11111110001001000011011000110010
11111110001110110011101111010101
11111110010110011110111000000011
11111110100000000100110010111101
11111110100111101111111011101011
11111110101111011011000100011010
11111110110011010000101000110001
11111110111100110110100011101011
11111111000110011100011110100100
11111111001010010010000010111100
11111111001000010111010000110000
11111111000100100001101100011001
11111111000100100001101100011001
11111111001110000111100111010011
11111111001110000111100111010011
11111111010011110111111101110101
11111111010111101101100010001101
11111111101000111110100101110101
11111111110000101001101110100011
11111111101110101110111100010111
11111111011111011000101010111011
11111111000010100110111010001101
11111110011100001111001110100110
11111101011011000000100100011100
11111011110111001111110011000011
11111001101001010001110001101010
11110111011101001110100010011110
11110101101000001100101101011100
11110100011011011101010110001101
11110011110011001010111000011010
11110011100111101010001011010101
11110011101001100100111101100000
11110011100001111001110100110010
11110011101011011111101111101100
11110100000010100001001001110111
11110100100110111110000011010011
11110101001011011010111100101110
11110101110001110010101000010110
11110110001100101001100110111000
11110110110001000110100000010100
11110111010111011110001011111011
11111000000011100110001110000101
11111000100110001000010101010101
11111001001000101010011100100110
11111001100111010110111111011111
11111010000010001101111110000001
11111010010111010100100110000000
11111010100000111010100000111010
11111010110010001011100100100010
11111011000001100001110101111111
11111011011100011000110100100001
11111011110111001111110011000011
11111100000100101011010010010100
11111100010000001011111111011001
11111100010101111100010101111100
11111100011111100010010000110110
11111100100111001101011001100100
11111100110100101000111000110101
11111101000011111111001010010010
11111101001011101010010011000000
11111101011110110110001000110100
11111101111001101101000111010110
11111110010110011110111000000011
11111110110001010101110110100101
11111111000100100001101100011001
11111111010001111101001011101010
11111111011101011101111000101111
11111111110100011111010010111010
00000000000111101011001000101110
00000000010111000001011010001010
00000000011110101100100010111001
00000000100100011100111001011011
00000000110001111000011000101100
00000000111001100011100001011011
00000001000001001110101010001001
00000001000101000100001110100000
00000001000110111111000000101100
00000001010000100100111011100101
00000001010110010101010010001000
00000001011110000000011010110110
00000001100111100110010101110000
00000001110011000111000010110110
00000001111000110111011001011000
00000001110110111100100111001101
00000001111000110111011001011000
00000010000110010010111000101001
00000010001101111110000001011000
00000010001100000011001111001100
00000010001101111110000001011000
00000010010011101110010111111010
00000010011001011110101110011101
00000010100011000100101001010111
00000010110100010101101100111111
00000010111100000000110101101101
00000011000001110001001100010000
00000011000001110001001100010000
00000011001011010111000111001010
00000011001011010111000111001010
00000011001101010001111001010110
00000011001111001100101011100001
00000011010001000111011101101101
00000011010001000111011101101101
00000011011010101101011000100111
00000011011110100010111100111110
00000011011010101101011000100111
00000011011100101000001010110010
00000011010110110111110100001111
00000011010011000010001111111000
00000011010001000111011101101101
00000011010100111101000010000100
00000011010011000010001111111000
00000011010110110111110100001111
00000011010011000010001111111000
00000011001011010111000111001010
00000010111111110110011010000101
00000010111000001011010001010110
00000010110010011010111010110100
00000010110010011010111010110100
00000010101000110100111111111010
00000010011011011001100000101001
00000010010111100011111100010010
00000010001111111000110011100011
00000010001010001000011101000001
00000010001000001101101010110101
00000010000100011000000110011110
00000001101111010001011110011111
00000001011111111011001101000010
00000001010100011010011111111101
00000001001010110100100101000011
00000001000011001001011100010100
00000000111001100011100001011011
00000000101110000010110100010101
00000000100100011100111001011011
00000000011000111100001100010110
00000000010101000110100111111111
00000000001101011011011111010000
00000000000111101011001000101110
11111111111110000101001101110100
11111111110110011010000101000110
11111111110000101001101110100011
11111111100111000011110011101001
11111111100101001001000001011110
11111111100001010011011101000110
11111111011001101000010100011000
11111111010011110111111101110101
11111111001100001100110101000111
11111111001110000111100111010011
11111111001010010010000010111100
11111111000100100001101100011001
11111111000010100110111010001101
11111110111110110001010101110110
11111110111110110001010101110110
11111110111100110110100011101011
11111110111010111011110001011111
11111110110001010101110110100101
11111110101111011011000100011010
11111110101001101010101101110111
11111110101101100000010010001110
11111110110011010000101000110001
11111110111001000000111111010011
11111110110011010000101000110001
11111110101011100101100000000010
11111110100111101111111011101011
11111110100111101111111011101011
11111110101111011011000100011010
11111110110101001011011010111100
11111110110001010101110110100101
11111110101101100000010010001110
11111110101001101010101101110111
11111110101111011011000100011010
11111110110011010000101000110001
11111110110101001011011010111100
11111110110011010000101000110001
11111110101011100101100000000010
11111110100111101111111011101011
11111110100101110101001001100000
11111110100111101111111011101011
11111110100111101111111011101011
11111110101001101010101101110111
11111110100011111010010111010100
11111110011110001010000000110001
11111110100000000100110010111101
11111110100111101111111011101011
11111110101001101010101101110111
11111110100011111010010111010100
11111110100011111010010111010100
11111110011100001111001110100110
11111110100000000100110010111101
11111110100001111111100101001001
11111110100111101111111011101011
11111110101101100000010010001110
11111110101011100101100000000010
11111110101001101010101101110111
11111110101001101010101101110111
11111110100111101111111011101011
11111110101101100000010010001110
11111110101101100000010010001110
11111110100001111111100101001001
11111110100000000100110010111101
11111110100001111111100101001001
11111110100011111010010111010100
11111110100011111010010111010100
11111110100111101111111011101011
11111110100111101111111011101011
11111110100001111111100101001001
11111110100011111010010111010100
11111110100001111111100101001001
11111110100011111010010111010100
11111110100001111111100101001001
11111110100001111111100101001001
11111110100000000100110010111101
11111110100000000100110010111101
11111110101001101010101101110111
11111110100011111010010111010100
11111110100011111010010111010100
11111110100101110101001001100000
11111110100011111010010111010100
11111110100011111010010111010100
11111110100011111010010111010100
11111110100011111010010111010100
11111110011110001010000000110001
11111110011110001010000000110001
11111110011100001111001110100110
11111110101001101010101101110111
11111110101001101010101101110111
11111110101011100101100000000010
11111110101101100000010010001110
11111110101001101010101101110111
11111110100101110101001001100000
11111110100000000100110010111101
11111110100001111111100101001001
11111110100001111111100101001001
11111110100000000100110010111101
11111110011110001010000000110001
11111110100011111010010111010100
11111110101101100000010010001110
11111110101111011011000100011010
11111110101101100000010010001110
11111110101001101010101101110111
11111110100111101111111011101011
11111110100111101111111011101011
11111110101001101010101101110111
11111110101001101010101101110111
11111110100111101111111011101011
11111110101001101010101101110111
11111110101011100101100000000010
11111110101011100101100000000010
11111110101111011011000100011010
11111110110111000110001101001000
11111110111100110110100011101011
11111111000000101100001000000010
11111110111110110001010101110110
11111110111100110110100011101011
11111110111110110001010101110110
11111111000100100001101100011001
11111111001000010111010000110000
11111111001010010010000010111100
11111111001100001100110101000111
11111111001100001100110101000111
11111111001100001100110101000111
11111111001010010010000010111100
11111111001000010111010000110000
11111111000100100001101100011001
11111111000010100110111010001101
11111110111010111011110001011111
11111110111001000000111111010011
11111110111001000000111111010011
11111110111010111011110001011111
11111110110101001011011010111100
11111110110001010101110110100101
11111110101101100000010010001110
11111110101011100101100000000010
11111110101011100101100000000010
11111110101001101010101101110111
11111110101011100101100000000010
11111110101101100000010010001110
11111110101111011011000100011010
11111110101111011011000100011010
11111110110001010101110110100101
11111110110101001011011010111100
11111110110011010000101000110001
11111110110011010000101000110001
11111110110011010000101000110001
11111110111001000000111111010011
11111110111001000000111111010011
11111110110111000110001101001000
11111110111001000000111111010011
11111110110111000110001101001000
11111110110011010000101000110001
11111110101111011011000100011010
11111110101101100000010010001110
11111110101001101010101101110111
11111110100000000100110010111101
11111110100001111111100101001001
11111110100111101111111011101011
11111110100101110101001001100000
11111110100101110101001001100000
11111110101011100101100000000010
11111110101101100000010010001110
11111110101111011011000100011010
11111110110001010101110110100101
11111110110101001011011010111100
11111110110011010000101000110001
11111110101101100000010010001110
11111110100101110101001001100000
11111110100101110101001001100000
11111110101001101010101101110111
11111110111110110001010101110110
11111111011111011000101010111011
00000000000101110000010110100010
00000000101100001000000010001010
00000001001110101010001001011010
00000001110001001100010000101010
00000010011011011001100000101001
00000011001101010001111001010110
00000100000110110101011010110001
00000100111100100011010111110101
00000101101100100000111110010110
00000110010010111000101001111101
00000110101011110100110110010100
00000110101001111010000100001000
00000101111101110010000001111110
00000100100001101100011001010011
00000001111100101100111101110000
11111111001100001100110101000111
11111101011110110110001000110100
11111100110000110011010100011110
11111100101110111000100010010010
11111100111000011110011101001100
11111101001111011111110111010111
11111101100010101011101101001011
11111101110010000001111110100111
11111101110011111100110000110011
11111101111101100010101011101101
11111101111001101101000111010110
11111101111001101101000111010110
11111101110000000111001100011100
11111101101110001100011010010000
11111101101110001100011010010000
11111101110111110010010101001010
11111110000001011000010000000100
11111101111101100010101011101101
11111101111011100111111001100001
11111110000011010011000010001111
11111110001100111000111101001001
11111110010110011110111000000011
11111110010100100100000101111000
11111110010000101110100001100000
11111110001001000011011000110010
11111110001001000011011000110010
11111110001100111000111101001001
11111110001110110011101111010101
11111110001100111000111101001001
11111110000111001000100110100111
11111101111101100010101011101101
11111101111111011101011101111000
11111110001010111110001010111110
11111110010010101001010011101100
11111110010100100100000101111000
11111110001110110011101111010101
11111110001100111000111101001001
11111110001110110011101111010101
11111110010010101001010011101100
11111110010110011110111000000011
11111110010010101001010011101100
11111110010100100100000101111000
11111110010010101001010011101100
11111110011000011001101010001111
11111110011010010100011100011010
11111110011000011001101010001111
11111110011000011001101010001111
11111110011000011001101010001111
11111110011100001111001110100110
11111110100011111010010111010100
11111110011110001010000000110001
11111110011110001010000000110001
11111110011110001010000000110001
11111110011110001010000000110001
11111110011010010100011100011010
11111110011100001111001110100110
11111110100000000100110010111101
11111110011110001010000000110001
11111110011110001010000000110001
11111110011100001111001110100110
11111110011000011001101010001111
11111110011110001010000000110001
11111110011100001111001110100110
11111110010110011110111000000011
11111110011100001111001110100110
11111110100000000100110010111101
11111110100101110101001001100000
11111110101001101010101101110111
11111110101001101010101101110111
11111110100111101111111011101011
11111110101011100101100000000010
11111110101101100000010010001110
11111110110001010101110110100101
11111110110101001011011010111100
11111110110011010000101000110001
11111110110001010101110110100101
11111110101011100101100000000010
11111110101111011011000100011010
11111110101011100101100000000010
11111110101111011011000100011010
11111110110001010101110110100101
11111110111001000000111111010011
11111110110101001011011010111100
11111110110101001011011010111100
11111110110101001011011010111100
11111110111100110110100011101011
11111111000110011100011110100100
11111111001010010010000010111100
11111111001000010111010000110000
11111111000010100110111010001101
11111111000010100110111010001101
11111111001000010111010000110000
11111111001100001100110101000111
11111111010000000010011001011110
11111111010000000010011001011110
11111111001010010010000010111100
11111111001110000111100111010011
11111111010101110010110000000001
11111111010111101101100010001101
11111111010101110010110000000001
11111111001110000111100111010011
11111111001100001100110101000111
11111111001010010010000010111100
11111111001010010010000010111100
11111111001010010010000010111100
11111111010000000010011001011110
11111111010000000010011001011110
11111111010101110010110000000001
11111111010111101101100010001101
11111111010000000010011001011110
11111111010001111101001011101010
11111111010101110010110000000001
11111111010101110010110000000001
11111111001110000111100111010011
11111111001000010111010000110000
11111111001000010111010000110000
11111111001010010010000010111100
11111111001010010010000010111100
11111111001100001100110101000111
11111111000010100110111010001101
11111111000000101100001000000010
11111111000000101100001000000010
11111111000100100001101100011001
11111111001000010111010000110000
11111111000100100001101100011001
11111110111110110001010101110110
11111110111100110110100011101011
11111111000010100110111010001101
11111111000100100001101100011001
11111111000110011100011110100100
11111111000000101100001000000010
11111110111001000000111111010011
11111110110111000110001101001000
11111110111010111011110001011111
11111111000010100110111010001101
11111111000010100110111010001101
11111111000010100110111010001101
11111110111110110001010101110110
11111110110111000110001101001000
11111110111100110110100011101011
11111110111010111011110001011111
11111110111010111011110001011111
11111111000000101100001000000010
11111111000100100001101100011001
11111111001000010111010000110000
11111111010101110010110000000001
11111111100101001001000001011110
11111111101100110100001010001100
11111111110110011010000101000110
11111111111110000101001101110100
00000000000000000000000000000000
00000000001011100000101101000101
00000000010111000001011010001010
00000000011100110001110000101101
00000000100000100111010101000100
00000000011100110001110000101101
00000000100010100010000111010000
00000000110011110011001010111000
00000000111011011110010011100110
00000000110111101000101111001111
00000000100010100010000111010000
11111111110110011010000101000110
11111110100011111010010111010100
11111100100001011101000011000001
11111010001101101110101011000110
11110111111101110101110111100010
11110101110101101000001100101101
11110100001000010001100000011001
11110011010000101000110001001010
11110011001100110011001100110011
11110011010000101000110001001010
11110011011110000100010000011011
11110011100011110100100110111110
11110011111010110110000001001000
11110100010011110010001101011111
11110100111010001001111001000110
11110101100110010001111011010000
11110110001000110100000010100001
11110110101101010000111011111101
11110111011101001110100010011110
11111000010001000001101101010110
11111000111001010100001011001001
11111001011000000000101110000010
11111001110010110111101100100100
11111010001101101110101011000110
11111010100110101010110111011101
11111011000001100001110101111111
11111011011010011110000010010101
11111011110001011111011100100000
11111100000010110000100000001000
11111100001100010110011011000010
11111100100011010111110101001101
11111100111000011110011101001100
11111101001111011111110111010111
11111101100100100110011111010110
11111101111001101101000111010110
11111110010000101110100001100000
11111110101101100000010010001110
11111111000010100110111010001101
11111111011011100011000110100100
11111111110110011010000101000110
00000000000111101011001000101110
00000000011100110001110000101101
00000000101110000010110100010101
00000000110011110011001010111000
00000001000101000100001110100000
00000001001100101111010111001110
00000001010100011010011111111101
00000001011111111011001101000010
00000001100111100110010101110000
00000001101011011011111010000111
00000001110001001100010000101010
00000001111000110111011001011000
00000010000100011000000110011110
00000010001010001000011101000001
00000010001111111000110011100011
00000010001101111110000001011000
00000010010101101001001010000110
00000010011011011001100000101001
00000010100110111010001101101110
00000010101110100101010110011100
00000010110100010101101100111111
00000010111100000000110101101101
00000011000111100001100010110011
00000011010001000111011101101101
00000011010100111101000010000100
00000011100000011101101111001001
00000011100110001110000101101100
00000011101101111001001110011010
00000011110011101001100100111101
00000100000001000101000100001110
00000100000100111010101000100101
00000100001000110000001100111100
00000100000110110101011010110001
00000100001010101010111111001000
00000100010110001011101100001101
00000100011011111100000010110000
00000100100001101100011001010011
00000100100101100001111101101010
00000100100101100001111101101010
00000100100101100001111101101010
00000100101011010010010100001101
00000100110010111101011100111011
00000100111000101101110011011110
00000100101111000111111000100100
00000100101111000111111000100100
00000100100101100001111101101010
00000100100101100001111101101010
00000100101011010010010100001101
00000100101011010010010100001101
00000100101011010010010100001101
00000100011101110110110100111100
00000100010010010110000111110110
00000100010000011011010101101011
00000100010000011011010101101011
00000100001100100101110001010011
00000100000001000101000100001110
00000011110001101110110010110001
00000011011110100010111100111110
00000011001101010001111001010110
00000010111101111011100111111001
00000010110010011010111010110100
00000010101010101111110010000101
00000010011101010100010010110100
00000010010111100011111100010010
00000010001111111000110011100011
00000010001100000011001111001100
00000010000100011000000110011110
00000001111010110010001011100100
00000001101011011011111010000111
00000001011110000000011010110110
00000001010010011111101101110001
00000001001010110100100101000011
00000001000101000100001110100000
00000000111001100011100001011011
00000000101110000010110100010101
00000000100100011100111001011011
00000000100100011100111001011011
00000000100100011100111001011011
00000000011110101100100010111001
00000000011000111100001100010110
00000000001111010110010001011100
00000000000111101011001000101110
00000000000000000000000000000000
00000000000000000000000000000000
00000000000000000000000000000000
11111111111000010100110111010001
11111111111000010100110111010001
11111111110100011111010010111010
11111111110010100100100000101111
11111111110100011111010010111010
11111111110100011111010010111010
11111111110000101001101110100011
11111111100101001001000001011110
11111111100001010011011101000110
11111111100111000011110011101001
11111111100101001001000001011110
11111111101010111001011000000000
11111111100101001001000001011110
11111111011111011000101010111011
11111111011101011101111000101111
11111111011101011101111000101111
11111111101000111110100101110101
11111111101010111001011000000000
11111111100111000011110011101001
11111111011011100011000110100100
11111111010111101101100010001101
11111111010111101101100010001101
11111111011101011101111000101111
11111111100001010011011101000110
11111111100011001110001111010010
11111111011111011000101010111011
11111111011001101000010100011000
11111111100011001110001111010010
11111111100001010011011101000110
11111111100001010011011101000110
11111111011111011000101010111011
11111111010101110010110000000001
11111111010001111101001011101010
11111111010101110010110000000001
11111111011011100011000110100100
11111111100001010011011101000110
11111111011101011101111000101111
11111111011101011101111000101111
11111111010111101101100010001101
11111111010011110111111101110101
11111111011001101000010100011000
11111111011011100011000110100100
11111111010101110010110000000001
11111111010000000010011001011110
11111111001000010111010000110000
11111111000010100110111010001101
11111111000100100001101100011001
11111111000110011100011110100100
11111111001100001100110101000111
11111111010000000010011001011110
11111111001110000111100111010011
11111111010101110010110000000001
11111111010000000010011001011110
11111111010001111101001011101010
11111111001110000111100111010011
11111111001000010111010000110000
11111111000110011100011110100100
11111111001000010111010000110000
11111111001010010010000010111100
11111111001000010111010000110000
11111111000110011100011110100100
11111111000010100110111010001101
11111110111110110001010101110110
11111111000010100110111010001101
11111111000100100001101100011001
11111111000100100001101100011001
11111111000100100001101100011001
11111111000110011100011110100100
11111111000010100110111010001101
11111111000010100110111010001101
11111111000010100110111010001101
11111111001000010111010000110000
11111111000110011100011110100100
11111111000100100001101100011001
11111110111010111011110001011111
11111110111100110110100011101011
11111111000000101100001000000010
11111111000100100001101100011001
11111111001000010111010000110000
11111111000000101100001000000010
11111110111010111011110001011111
11111110111110110001010101110110
11111111000010100110111010001101
11111111000000101100001000000010
11111111000000101100001000000010
11111111000010100110111010001101
11111111000100100001101100011001
11111111001000010111010000110000
11111111001100001100110101000111
11111111010011110111111101110101
11111111010111101101100010001101
11111111011011100011000110100100
11111111011101011101111000101111
11111111011111011000101010111011
11111111011101011101111000101111
11111111011011100011000110100100
11111111010001111101001011101010
11111111000110011100011110100100
11111110111110110001010101110110
11111111000000101100001000000010
11111110111110110001010101110110
11111110111110110001010101110110
11111110111110110001010101110110
11111110111010111011110001011111
11111110111010111011110001011111
11111110111110110001010101110110
11111110111100110110100011101011
11111110111010111011110001011111
11111110111001000000111111010011
11111110110111000110001101001000
11111110110011010000101000110001
11111110111100110110100011101011
11111110111100110110100011101011
11111111000000101100001000000010
11111111001010010010000010111100
11111111001010010010000010111100
11111111000100100001101100011001
11111111000100100001101100011001
11111111000100100001101100011001
11111111000010100110111010001101
11111110111100110110100011101011
11111110110111000110001101001000
11111110110001010101110110100101
11111110110001010101110110100101
11111110110011010000101000110001
11111110110111000110001101001000
11111110110011010000101000110001
11111110101111011011000100011010
11111110101011100101100000000010
11111110101111011011000100011010
11111110101111011011000100011010
11111110110001010101110110100101
11111110110001010101110110100101
11111110110011010000101000110001
11111110110011010000101000110001
11111110111001000000111111010011
11111110111001000000111111010011
11111110111001000000111111010011
11111110110111000110001101001000
11111110110001010101110110100101
11111110101111011011000100011010
11111110101101100000010010001110
11111110101011100101100000000010
11111110100000000100110010111101
11111110011100001111001110100110
11111110100101110101001001100000
11111110110101001011011010111100
11111111001100001100110101000111
11111111110100011111010010111010
00000000100100011100111001011011
00000001001010110100100101000011
00000001101101010110101100010011
00000010001010001000011101000001
00000010110000100000001000101000
00000011011110100010111100111110
00000100001010101010111111001000
00000100110110110011000001010010
00000101010111011010010110010111
00000101101010100110001100001010
00000101101000101011011001111111
00000101000100001110100000100011
00000100010110001011101100001101
00000011010001000111011101101101
00000001101101010110101100010011
11111111110110011010000101000110
11111110011000011001101010001111
11111101100100100110011111010110
11111101001011101010010011000000
11111101000011111111001010010010
11111101001101100101000101001011
11111101011100111011010110101000
11111101101100010001101000000101
11111101111001101101000111010110
11111101111101100010101011101101
11111110000111001000100110100111
11111110000111001000100110100111
11111110000001011000010000000100
11111101111001101101000111010110
11111101110101110111100010111110
11111101110000000111001100011100
11111101101110001100011010010000
11111101101110001100011010010000
11111101101110001100011010010000
11111101110101110111100010111110
11111101111011100111111001100001
11111110000101001101110100011011
11111110001001000011011000110010
11111110000101001101110100011011
11111101111111011101011101111000
11111101111111011101011101111000
11111110000001011000010000000100
11111110000001011000010000000100
11111110000011010011000010001111
11111101111011100111111001100001
11111101111111011101011101111000
11111101111111011101011101111000
11111101111101100010101011101101
11111110000101001101110100011011
11111110000011010011000010001111
11111110000011010011000010001111
11111110000011010011000010001111
11111110001001000011011000110010
11111110001010111110001010111110
11111110001001000011011000110010
11111110000111001000100110100111
11111110000111001000100110100111
11111110001010111110001010111110
11111110001100111000111101001001
11111110001110110011101111010101
11111110010010101001010011101100
11111110001110110011101111010101
11111110001100111000111101001001
11111110001001000011011000110010
11111110001100111000111101001001
11111110010110011110111000000011
11111110010110011110111000000011
11111110010100100100000101111000
11111110010100100100000101111000
11111110010000101110100001100000
11111110001110110011101111010101
11111110010100100100000101111000
11111110010000101110100001100000
11111110010010101001010011101100
11111110001110110011101111010101
11111110001100111000111101001001
11111110010010101001010011101100
11111110011100001111001110100110
11111110100001111111100101001001
11111110101001101010101101110111
11111110100011111010010111010100
11111110011010010100011100011010
11111110011000011001101010001111
11111110011100001111001110100110
11111110011010010100011100011010
11111110100101110101001001100000
11111110100001111111100101001001
11111110100000000100110010111101
11111110100011111010010111010100
11111110100011111010010111010100
11111110101001101010101101110111
11111110101011100101100000000010
11111110100101110101001001100000
11111110100101110101001001100000
11111110101001101010101101110111
11111110101011100101100000000010
11111110100101110101001001100000
11111110100000000100110010111101
11111110100011111010010111010100
11111110100111101111111011101011
11111110111001000000111111010011
11111110111100110110100011101011
11111111000010100110111010001101
11111110111110110001010101110110
11111110110111000110001101001000
11111110110001010101110110100101
11111110110011010000101000110001
11111110101101100000010010001110
11111110101111011011000100011010
11111110110111000110001101001000
11111110110011010000101000110001
11111110110001010101110110100101
11111110111010111011110001011111
11111110111100110110100011101011
11111110111100110110100011101011
11111110111010111011110001011111
11111110110111000110001101001000
11111110110001010101110110100101
11111110110111000110001101001000
11111110111001000000111111010011
11111111000010100110111010001101
11111110111100110110100011101011
11111110110011010000101000110001
11111110101011100101100000000010
11111110101011100101100000000010
11111110110011010000101000110001
11111110110111000110001101001000
11111110111110110001010101110110
11111110111100110110100011101011
11111110111001000000111111010011
11111110111010111011110001011111
11111110111010111011110001011111
11111110111110110001010101110110
11111110111110110001010101110110
11111110111110110001010101110110
11111110101001101010101101110111
11111110110001010101110110100101
11111110101101100000010010001110
11111110101001101010101101110111
11111110101001101010101101110111
11111110101011100101100000000010
11111110101101100000010010001110
11111110110101001011011010111100
11111110110101001011011010111100
11111110110101001011011010111100
11111110101101100000010010001110
11111110100101110101001001100000
11111110101011100101100000000010
11111110101111011011000100011010
11111110111010111011110001011111
11111110110111000110001101001000
11111110111010111011110001011111
11111110110101001011011010111100
11111110101101100000010010001110
11111110101111011011000100011010
11111110101111011011000100011010
11111110101111011011000100011010
11111110101001101010101101110111
11111110100011111010010111010100
11111110011100001111001110100110
11111110100000000100110010111101
11111110100011111010010111010100
11111110100111101111111011101011
11111110101011100101100000000010
11111110100000000100110010111101
11111110011000011001101010001111
11111110011010010100011100011010
11111110010110011110111000000011
11111110011100001111001110100110
11111110011110001010000000110001
11111110100000000100110010111101
11111110100000000100110010111101
11111110100101110101001001100000
11111110101011100101100000000010
