00000000110010011011101110101100
00000000000000000000000000000110
00000000000000000000000000000110
00000000000000000000000000000110
00000001000000111101001101010011
11111111100101000100101101101111
11111111101101000001001001000001
11111111111110001110011000010111
00000000000010000111000001011011
00000000000100001100110101001100
00000000000001011100001110001111
00000000000000100001110000011011
11111111111100010000011001111001
11111111111100010100111011010110
11111111111101011100111101011011
11111111111011010101111100000111
00000000000001111101111110100101
11111111111111011010111011111010
11111111111010100011010011100111
00000000000001101101000110011000
00000000000001110110001001010001
11111111111010110100001011110010
11111111111111100010110001001101
00000000000001101101000110011001
11111111111111101111000111111100
11111111111110010010111001110101
00000000000000001100010110110101
00000000000100101110100101100001
00000000000010011111101110111000
11111111111101001010110111101110
11111111111101000011000010011011
00000000000001111101111110100100
00000000000101011000001011001000
11111111111110000010000001101001
11111111111010110100001011110010
00000000000000100110010001110110
00000000000000101110000111001010
00000000000001111101111110100011
11111111111111001101010111100110
11111111111110110100101010001001
00000000000000011101001110111111
00000000000000111110111111010100
11111111111111010001111001000001
11111111111111111011011110101010
00000000000001100101010001000110
11111111111101100000010001010100
11111111111101100100110010101111
00000000000010110000100111000011
11111111111100010100111011010110
00000000000000011101001111000000
00000000000110001010110011101010
11111111111101111101100000001101
11111111111110100011110001111101
11111111111111100010110001001100
11111111111011110111101100011100
11111111111110110100101010000111
00000000000001001111110111011111
11111111111111000001000000110101
00000000000000111110111111010101
11111111111101110001001001011110
00000000000000010000111000010000
00000000000001101101000110011001
00000000000000111110111111010100
11111111111101000011000010011001
11111111111110010010111001110011
00000000000000000100100001100001
00000000000010101100000101100111
00000000000010001010010101010011
11111111111111101111000111111011
11111111111011000101000011111100
00000000000000010101011001101100
00000000000001001111110111011111
11111111111111101010100110100001
00000000000001111101111110100011
11111111111110110000001000101101
11111111111110000110100011000101
11111111111101000111100011110110
11111111111011110111101100011100
11111111111110110100101010001000
00000000000001100000101111101011
11111111111110110000001000101110
11111111111010111000101101001110
00000000000001111101111110100011
00000000000000101110000111001011
11111111111100110110101011101011
11111111111111100010110001001101
00000000000010011011001101011101
11111111111101010011111010100110
00000000000100011101101101010110
00000000000010111000011100010111
11111111111111111011011110101011
00000000000001111001011101001000
00000000000001101101000110011001
11111111111111101111000111111100
11111111111111011110001111110001
00000000000101011100101100100110
00000000000000000000000000000110
00000000000000000111110101011001
00000000000001111101111110100011
00000000000000000000000000000101
00000000000010111100111101110001
11111111111101010011111010100100
11111111110101110100101110001101
00000000000000101001100101101111
11111111111111100111010010101000
11111111111101110001001001011110
00000000000101111001111011011110
00000000001101110011000010110111
00000000010011100101001000111101
11111111110001000010110100111010
11111111111100011100110000101001
11111111110000111001110010000011
11111111110011100101110111100101
11111111111010101111101010010111
11111111111100100101110011100000
11111111111010101011001000111011
00000000001101101110100001011100
11111111111101000111100011110110
00000000000000101110000111001010
11111111111100110010001010001111
00000000000000101110000111001010
00000000000100001000010011101111
00000000000000111010011101111001
11111111111101100100110010101110
11111111111110110100101010001001
11111111111100100101110011100001
11111111111101000011000010011010
11111111111101000111100011110101
00000000000101101101100100101111
11111111111111000101100010010010
11111111111111011110001111110001
00000000000011111011111101000001
11111111111101000011000010011010
11111111111101000111100011110110
00000000000010111100111101110010
11111111111001101000110101110100
11111111111110010111011011001110
00000000000000010000111000010010
11111111111100110110101011101011
11111111111111010001111001000010
11111111111111000101100010010011
11111111111111100010110001001100
00000000000101000111010010111111
11111111111101110001001001011110
11111111111010010110111100111000
00000000000001110001100111110101
00000000000001001111110111100000
11111111111100100101110011100000
11111111111101000011000010011010
00000000000001100101010001000110
11111111111110110000001000101110
11111111111101100100110010101111
11111111111101011000011100000000
11111111111101000111100011110101
00000000000010111100111101110010
00000000000011101011000100110111
11111111111110101011100111010001
00000000000100001100110101001011
11111111111111000001000000110111
11111111111010100111110101000010
00000000000000000000000000000110
00000000000010110000100111000011
11111111111011100110110100010000
00000000000001101101000110011001
11111111111101100000010001010011
00000000000100000000011110011100
00000000000011011010001100101100
11111111111111001101010111100110
11111111111100100001010010000100
00000000000001001111110111011111
00000000000011101011000100110110
11111111110100101101111001101010
00000000000100000000011110011100
00000000000010101100000101100111
11111111111010000110000100101110
00000000000011001101110101111101
11111111111111110011101001010110
00000000000000011000101101100100
00000000000010011011001101011101
00000000000000111110111111010100
11111111111100010100111011010101
00000000000010001110110110101110
11111111111110111100011111011101
11111111111110000010000001101001
00000000000010000010011111111110
11111111111110000110100011000011
11111111111101001111011001001010
00000000000001100000101111101010
11111111111011100110110100010001
11111111111111000101100010010011
00000000000000111110111111010101
00000000000011000001011111001110
11111111111010000001100011010010
11111111111111010001111001000011
11111111111110000110100011000101
11111111111110000110100011000101
11111111111111100010110001001101
00000000000000000000000000000110
11111111111110110100101010001001
00000000000001001011010110000100
11111111111111000001000000111000
11111111111110101000010011011010
00000000000000111010011101111010
11111111111111100010110001001101
11111111111110011111010000100011
00000000000001001011010110000101
00000000000010111100111101110010
00000000000010011011001101011110
11111111111111011110001111110001
00000000000000101110000111001011
00000000000000000000000000000110
00000000000000000000000000000110
00000000000100000000011110011101
11111111111010010110111100111000
11111111111111101111000111111011
00000000000100001000010011110000
11111111111111011110001111110010
00000000000001011100001110001111
00000000000001111101111110100100
11111111111111111011011110101011
00000000000000000000000000000110
00000000000000100001110000011100
11111111111110110000001000101101
00000000000010101100000101100111
00000000000110101000000010100011
11111111111011111111100001110000
11111111111111101111000111111100
00000000000001001111110111100000
11111111111110000010000001101001
11111111111111101111000111111100
11111111111100100101110011100001
11111111111110111001001011100011
11111111111101110001001001011110
00000000000000010101011001101101
11111111111101010011111010100101
00000000000011001101110101111100
11111111111100110110101011101100
11111111110111101110001011001110
11111111111101111101100000001100
11111111111101110101101010111001
00000000000001001011010110000100
11111111111100100101110011100000
11111111111111001101010111100111
11111111111100011001011100110001
00000000001111100000001001001011
00000000001110010100110011001101
00000000011110110111001111011001
11111111100110000100111010100000
11111111101100111100100111100100
11111111110011100101110111100101
00000000000000110101111100011110
00000000000100100010001110110010
11111111111111101111000111111100
00000000000101011000001011001001
00000000000100101010000100000101
11111111111101001111011001001001
11111111111110000010000001101000
00000000000000101110000111001010
11111111111111011110001111110001
00000000000100111010111100010000
11111111111111100010110001001100
11111111111110000010000001101000
11111111111111101111000111111011
00000000000000100001110000011011
00000000000010010110101100000001
00000000000000101110000111001010
00000000000000010000111000010000
11111111111110010010111001110011
11111111111111010001111001000001
11111111111011110111101100011101
11111111111111000101100010010011
11111111111111011110001111110001
11111111111110111001001011100100
11111111111010111000101101001101
11111111111101100100110010101111
00000000000001100000101111101010
11111111111011100110110100010001
00000000000101011000001011001010
11111111111111000001000000111000
11111111111000011000111110011100
00000000000010110000100111000011
00000000000010001110110110101110
11111111111100010100111011010101
00000000000010111100111101110010
00000000000011101011000100110110
00000000000000110101111100011101
11111111111101100100110010101111
00000000000011101111100110010010
11111111111100100001010010000100
11111111111100110010001010001111
00000000000001000011100000110001
00000000000100011001001011111010
11111111111110101011100111010001
00000000000000000100100001100001
11111111111110010010111001110010
00000000000000101110000111001010
00000000000101111001111011011110
00000000000000000111110101011001
00000000000001001111110111100000
11111111111111011110001111110001
00000000000000000000000000000110
11111111111111000001000000110111
11111111111110000110100011000011
00000000000001101101000110011001
00000000000001111001011101001000
00000000000001101101000110011001
11111111111010100111110101000010
00000000000011001101110101111101
00000000000010101100000101100111
11111111111110011111010000100001
00000000000101011000001011001010
00000000000000001100010110110100
11111111111101110001001001011110
00000000000011011010001100101100
00000000000001100000101111101011
11111111111010000001100011010010
00000000001000110010010111101111
00000000000000100001110000011011
11111111111100110010001010010000
00000000000100001100110101001011
00000000000001001011010110000100
00000000000001000110110100101001
00000000000011001101110101111101
11111111111101000011000010011001
00000000000000000000000000000110
11111111111110011111010000100010
00000000000000110010101000100110
11111111111111011110001111110001
11111111111111011110001111110001
00000000000110011011101011110100
11111111111010101111101010010110
00000000000010011011001101011101
00000000000011001101110101111101
11111111111110111100011111011100
11111111111111000001000000110111
00000000000100111111011101101011
11111111110011000100000111001111
00000000001101100101011110100101
11111111111101011100111101011100
00000000000101011000001011001001
00000000100000011111110100010001
00000000010100001011011010101101
11111111100101001001001111001010
11111111100111111101001010000000
11111111111010000001100011010001
11111111111001110000101011001000
11111111111110101011100111010010
11111111110100010011111110101000
00000000000001110001100111110100
00000000001001100001101100011000
11111111111011010001011010101011
11111111111011010101111100001000
00000000001001000011001111111011
00000000000001001111110111011111
11111111111010100011010011100111
00000000000011100011001111100011
00000000000011010010010111011001
11111111111011110011001011000001
00000000000000000000000000000110
00000000000000100101000100010011
00000000000001111101111110100011
11111111111111000001000000110111
00000000000010000010011111111111
00000000000001100000101111101011
00000000000000011101001111000000
00000000000110000110010010001101
11111111111010100111110101000011
11111111111111001101010111100110
00000000001000110110111001001011
11111111111110101011100111010001
11111111111111010001111001000001
11111111111111000001000000111000
11111111111111100010110001001011
00000000000010101100000101101000
00000000000010011011001101011101
11111111111110011111010000100010
00000000000000111010011101111000
00000000000110011011101011110011
11111111111101111101100000001100
11111111111110110000001000101110
00000000000000110111001010000010
11111111111110100011110001111110
00000000000010011011001101011110
11111111111101110101101010111001
11111111111010100111110101000010
00000000000010000010011111111111
00000000000000010101011001101100
00000000000000111010011101111001
11111111111101000011000010011001
00000000000001100000101111101001
00000000000001001111110111011111
11111111111110000010000001101001
00000000000001100000101111101001
11111111111111101111000111111100
00000000000001111001011101001000
11111111111100100101110011100001
00000000000000111010011101111001
00000000000000000000000000000110
11111111111111010001111001000001
11111111111111100010110001001100
00000000000000010000111000010000
00000000000000000000000000000111
11111111111001000111000101011111
00000000000100011101101101010110
00000000000000010000111000010001
11111111111000110110001101010100
00000000000011011010001100101100
00000000000011000001011111001101
11111111111101101100101000000010
00000000000000110010101000100110
00000000000001001111110111011111
11111111111110000010000001101000
11111111111110011111010000100010
00000000000100000000011110011100
00000000000001111001011101000111
11111111111101101100101000000011
00000000000000000000000000000110
00000000000010110000100111000011
11111111111110001110011000010111
00000000000011011110101110000111
11111111111111111011011110101010
11111111111110001110011000010111
00000000000000010101011001101100
11111111111011100110110100010010
00000000000101000111010010111110
00000000000000100001110000011011
11111111111100110010001010001111
00000000000000111110111111010101
00000000000000100001110000011010
11111111111100000100000011001011
00000000000011101011000100110111
00000000000001111101111110100100
11111111111011010001011010101011
00000000000011011110101110001000
00000000000000111110111111010100
00000000000001100000101111101010
11111111111011111011000000010101
00000000000001100000101111101010
11111111110110110000011001100011
00000000000000110010101000100110
00000000000011010010010111011000
11111111111011101011010101101101
11111111111110011111010000100011
00000000000001000110110100101001
00000000000000111110111111010100
00000000000011010010010111011000
11111111111101001111011001001001
00000000000000101110000111001011
00000000000000010000111000010001
00000000000010110000100111000010
11111111111101111101100000001101
00000000000000111110111111010100
11111111111110000010000001101000
11111111111110010010111001110011
11111111111111010001111001000011
00000000000011010010010111011000
11111111111011001100111001010000
00000000000001010100011000111011
11111111111001111001101110000000
11111111111101110101101010111001
00000000000001011100001110001110
00000000000101001000100000100001
11111111111001111001101101111111
11111111110110110011101101011011
00000000000101011100101100100101
00000000000011001001010100100001
00000000000100100101100010101011
00000000000001111101111110100011
11111111111011000101000011111100
00000000000011011010001100101100
00000000000000001100010110110110
11111111111100011001011100110010
11111111111110110100101010001001
00000000000010001110110110101110
11111111111111011110001111110010
11111111111000110110001101010100
11111111111111111011011110101010
11111111111100101101101000110100
11111111111111111011011110101100
11111111111111100111010010100111
11111111110101010111011111010011
00000000000100010001010110100110
00000000001100100110011111010111
00000000001111011011100111101111
00000000010100000101101011101110
00000000000110100101111100001110
11111111100001100001011110010010
11111111110011001000101000101010
11111111110111111111000011011001
00000000000001110001100111110110
00000000000100000100111111111000
00000000000100110001111001011010
00000000000000000000000000000111
11111111111001111001101101111111
00000000000000100001110000011100
11111111111101100100110010110000
00000000000000011101001111000000
00000000000000100001110000011100
00000000000000111010011101111010
00000000000000000000000000000111
00000000000100100010001110110010
11111111111010101111101010010111
11111111111110111100011111011100
00000000001000000000111100110100
11111111111101101100101000000010
00000000000010100111100100001101
00000000000010011011001101011101
11111111111110011111010000100011
00000000000000000000000000000110
11111111111110100011110001111110
11111111111111010001111001000011
11111111111011110011001011000001
00000000110010100100110001100100
00000000001101100000110111100111
00000011001001101110111010011010
00000011001001101110111010011010
00000011001001101110111010011010
00000011011011001000110101010010
00000001001001111011101100011101
11111101010110000001100101010010
11111100110111000011011001011101
11111101110000011001010000001110
11111110001010101011110101101110
11111110001111001110000100011010
11111110001001001101100001010000
11111101110011000111110000110110
11111101101111101100010110101100
11111101111110000111110001100101
11111101111001001000010011111110
11111110000101000110000110011001
11111110011101100100111101110110
11111110001000101010100011011000
11111110001011110101111110001001
11111110100011111111011011111111
11111110010010011011111010010001
11111110001010011111011110111111
11111110001111000000100000000111
11111110010101010011001000111111
11111110011001100111110011011000
11111110011110110101101110000000
11111110110111111000011100000111
11111110111000111001110110011101
11111110011001000111010000100101
11111110010011100001100001010000
11111110100000000101100101011010
11111110110100011001101110000101
11111110111100011010101010110011
11111110110011101011100111000010
11111111000011000100110011100100
11111111001011010000111001011100
11111111010100001111100111110101
11111111010101100111010100100010
11111111011101110111111011110110
11111111011111010111011101110110
11111111101100110111001101010110
11111111110110000110110011111010
11111111111001001010011001010110
00000000010000011000001011110111
00000000001010000101100011000000
00000000001011101001100110011100
00000000010100101000010100110101
00000000010010011010101011101111
00000000001010100110000101110010
00000000011001011110101111100100
00000000010011001000110010110100
00000000001011001001000011101010
00000000000101101001000011010100
11111111111101000100001111111101
11111111110011000110100010010110
11111111101111000010110000000111
11111111100111111010001010110111
11111111011110101111000101110001
11111111010110010010000111101110
11111111010011110010011000111011
11111111010101001110100111000100
11111111010110000101110000111111
11111111001101011100011100001100
11111111000111101110110111100010
11111111001100111010101011110111
11111111001000001000110010100100
11111111000001011101011100010000
11111110111000001010100001110101
11111110101010010101011000101110
11111110101001010110011001011111
11111110100101001010110001111101
11111110011000011100011101011010
11111110011101011111001110110110
11111110011110101111000110001111
11111110011111010101011000000001
11111110010111011110101011101111
11111110001011100111100001000100
11111110000111011010101011111111
11111110001001001100010011101110
11111110000010111110001100010011
11111101111100111100011011100110
11111101111011101011010110101010
11111110001000111110101111011100
11111110010000100101110001000111
11111110010000010000010111100000
11111110010100111101101111011001
11111110011101010010111000000111
11111110011111111110111101101000
11111110011010010111000111111110
11111110001110000010101110011100
11111110001000100001100000100010
11111110010000000100000000110001
11111110010000100101110001000111
11111110001111011101101111000001
11111110011010011110111101010011
11111110010001111111111000111010
11111101110101001101100100100110
11111101110110001100100011110110
11111101110010000000111100010100
11111101100111010001110011101111
11111101010100110000100000010101
11111100110110101101000111000110
11111101010000010011010111000100
11111110100011010100010100000010
11111111011010111010101001010111
00000000011111000110010000011011
00000001100001001011011111101101
00000000110010001010111100000101
11111100111111111111100011000110
11111000011010111010001110010011
11110101001011011010000110101010
11110010111111000010111110001100
11110010100000100111110000010000
11110011010001010000101001100100
11110100010011110011010110111111
11110110011001011101100110110010
11110111100010111110011001110010
11110111101111011101111100100001
11111000001000010110011010001101
11111000101010101001100111101010
11111001011100100011100101111010
11111010001110110010111101110001
11111010111111101010101000111001
11111011101010001011001001110000
11111100010010111110100100010100
11111100111111000110011100100000
11111101111110001111010010000111
11111110111111111100010111111001
11111111110001110101011101011000
11111111111111100100110111100000
00000000011011011110110100010110
00000000101111001001010111011000
00000000111010011010010000010001
00000001000111100000000100101111
00000001010110100101000101010000
00000001100000111110110100001101
00000001110010000000100101100111
00000010000011011100010010000010
00000010001110100100001000000100
00000010100010101011111010000001
00000010101010101011101001001010
00000010110000000111001000000111
00000010110111000100100100001010
00000010110010111111100100010110
00000011000000111111110110101000
00000011010011011111000011101111
00000011010111001110101001111011
00000011010101001111011101111010
00000011100111011101110010110110
00000011100111010001011100000110
00000011100111101110101011000000
00000011101001100000010010101111
00000011100100101110011001011011
00000011100000100001100100010111
00000011100001000000000000110011
00000011010001100010010010110100
00000011001101101111011000110000
00000011000000010101011000001110
00000010100100001010100011010001
00000010010000000110000101001011
00000010010000110101011001110010
00000001111101001000110000011011
00000001100001101010110100111100
00000001010110000100100010011101
00000001010011100110000001001110
00000001000000111000010111000110
00000000011111010010000011001011
11111111111110100100111111011111
11111111110001111011001100011000
11111111101100000010011110100010
11111111011001111001111000100101
11111111001101101100000110110011
11111111010001110101101000000001
11111111000011001111000011111110
11111110111001100101100010011010
11111110111010000000101010111111
11111110100010010101101001100100
11111110100100011011011101010101
11111110100111111110101100110011
11111110011111001001000001010001
11111110010111110010110111110010
11111110010100010100001001110001
11111110011011011000001101100010
11111110101011101000100100000000
11111110101100111110001010011000
11111110011001100111110011010111
11111110100001000001010000110000
11111110100101011110111101111111
11111110100110001000100011101000
11111110101000110000000111101111
11111110101101001111000010100010
11111110010100010101010111010010
11111110001111001000010101011100
11111110011101001110010110101100
11111110100001001010010011100111
11111110011111101110000101011111
11111110011110000000111111001100
11111110011101101100110011001001
11111110010011110110111010110111
11111110010111111111001110100001
11111110011001101101100010010111
11111110001001010100001001000001
11111110001100100110100000010011
11111110000100101110100110011110
11111110001010111011100000010101
11111110100001011001111110001110
11111110101101000100110010001000
11111110110000001110000110100011
11111110110100001101010111010110
11111110111100101010010101011010
11111111000010011011001101111011
11111111001001010000110100101001
11111110110100000111111101001010
11111110011001001111000101111010
11111110011001010110111011001101
11111110011101000110100001011000
11111110011011100001010000011001
11111110100001011011001011110000
11111110011101001110010110101011
11111110100010101110010111000010
11111110101000101000010010011011
11111110100100011111111110110001
11111110100110010100111010010111
11111110101100010111111000100111
11111110011011101011100000110100
11111110001100101001110100001100
11111110010001110001000111000100
11111110010000001000100010001101
11111110001110011110101111110010
11111110011000000111000011110100
11111110100010001001010010110110
11111110011101011010101101011010
11111110100110011101111101001110
11111110100001001110110101000010
11111110011101110100101000011100
11111110010111101100010000000001
11111101111110001101001011110000
11111110101001101100010111000101
00000000001001010000001010101000
00000001101001001111111111100001
00000011011010001111011111011111
00000101000110010110001001101000
00000111001100110000100110110110
00001001001101110011001101110000
00001001111111111101110100111110
00001000010110100011000001001001
00000011010010011111111010110111
11111101101001010001101001010101
11111011011111011100010101111111
11111011010011111100010110011101
11111100010111101101001001101111
11111100110100000101100011000001
11111101000101110101011011011110
11111101010101011000111000011011
11111101001001001101100001110000
11111100111110011000101010001101
11111101000010110000101000011110
11111101010000110101011100001100
11111101100111001111011000101001
11111101110011101110000010100111
11111101100101111101011010111011
11111101011110100010101111111110
11111101100011011101101100001000
11111101100000010011001010001001
11111101101111000010110001000100
11111101110111100100010000100100
11111101111000000110000000111000
11111101110111010011011000011001
11111101111001010001010110110110
11111101111010111001111011101110
11111101111101000111100100110010
11111110001100001001010001011010
11111110000000111000011000100001
11111101111000101011000101000101
11111110000001010100011001111000
11111110000101110010000111000111
11111110001000000111100101100000
11111110010110001010010010111010
11111110010000011100101110010000
11111110011101001000100111101101
11111110110011100011110001101110
11111110110101001001000010101110
11111110110011110000001000011100
11111110111001111111011101011101
11111110110000110111101100001101
11111110111001001000010011100001
11111110111100100111000001100010
11111110110010100110000000000011
11111110101010100000100001111010
11111110111011100110110100101111
11111111000110011111000000001001
11111111001011000000000001010010
11111111010111011000111100010000
11111111010111001100100101100001
11111111010110110010101010100000
11111111100000110100111001100010
11111111011010000101000001110010
11111111011010110111101010010010
11111111010011110110111010010110
11111111010001111000111011111000
11111111010001101000000011101110
11111111010011001101010100101110
11111111001100100101010010010010
11111111001101101100000110110100
11111111010101001110100111000100
11111111010100011000101010101100
11111111010010011110000000000110
11111111011001011011011100001010
11111111010001110001000110100110
11111111001101100100010001100000
11111111001010101000100001010110
11111110111111001110100101100111
11111110111101100100110011001110
11111111000100111100001010010000
11111110110001111011001100110111
11111110111010110010111110101101
11111111010101111101111011101011
11111111000101110010000110101001
11111111000000101010110011101111
11111110111001100110101111111101
11111110101101000000010000101100
11111110110111110000100110110100
11111110110001101011100010010000
11111110100110101010010011111110
11111110100110010000011000111100
11111110110010000111100011100110
11111110110100111011011110011011
11111110111110010110001110001001
11111111010101001010000101101000
11111111010100101100110110101111
11111111011110100011100111110011
11111111111111100001100011101000
00000000001011001111101011011011
00000000011110000110011000011011
00000000111000100101010100101010
00000000110110011101000101110011
00000001100110000010011110011100
00000010011000000011101110000000
00000001111000111011111011010101
00000001100111100110100111011101
11111110111010100100101100110010
11110111100110101001101001101100
11110001000100101111000111000010
11101110100100001110111111000100
11101101111010111110000000110100
11101110001011101011010001011010
11101111001000110010011111111000
11110001000100110010111001010110
11110011011110000100011000010101
11110100101110011101110001001011
11110101110010000001111000111010
11110111010000100101011111101011
11111000110111110111010001011011
11111001110100101100101110111110
11111011000011010011010010100010
11111100000101010011101011101001
11111100011011111110100000010000
11111100110100101001011001101010
11111101011101001001100000111100
11111110101010110001000101010011
11111111110001010000000100011010
00000000110011010010100011110100
00000001100011101001101100001011
00000010000000011110000110110011
00000010100000101000001100100110
00000010111011101101011010100110
00000011000100001111110010110101
00000011110001110001110010110101
00000100001100101101111101111100
00000100011110101010001101001011
00000100110010110000110001100101
00000101001011110010010010001000
00000101100001110110110100111111
00000101111000000100011010101101
00000110000110011110101000000010
00000110011000001000110001100000
00000110111111110110100101000101
00000111001011110010010001001001
00000111010101001000011111011100
00000111101101100001100111111100
00000111101010100101110111110011
00000111100000000110011001110110
00000111011101000010110100011010
00000111001000000000100100101001
00000111000000000000110101100000
00000110110110011010111100100101
00000110001111100100010010111100
00000101110101010111011100011011
00000101011111001110011000000111
00000101001000011000011010010100
00000100100100001010100010010011
00000100000000011001111001001101
00000011010111110111010110110010
00000010101111000010101110101010
00000010010010101000001111000100
00000001101111000110000011000001
00000001100110111110011110100011
00000001011011010000010110110010
00000001001100111010101010111001
00000000111001111111011100011110
00000000100011111010111001100111
00000000001011000001001110010111
00000000000011110010111010001010
00000000000011001111000011100000
11111111101011001111110110000001
11111111101000100001010101011010
00000000000001100101010001000101
11111111110101001100010110000111
11111111111000010101101010100010
11111111110101110111001001010011
11111111101000101100110011011000
11111111011011001011110110010101
11111111100010001001010010010111
11111111010100110010100101101110
11111111000100001100110101101001
11111111000111001000100101110010
11111111010011011001101011011101
11111111001011111011101100101000
11111111001100000000001110000011
11111111000001111010101011001010
11111110111011011010011110000000
11111111000110001010110100000111
11111111000000011110011101000000
11111110111100111110100001011101
11111111001010011100001010100111
11111110111010010000010101100110
11111110110100010001111000110010
11111110111000000110000000011010
11111110101101011110101101001010
11111110101011010011001010011010
11111110110011110001010110000001
11111110101000100011110001000000
11111110101110111001101101101111
11111110110110011000111010000111
11111110101110111100001000110101
11111110010110101010110101101010
11111110100100101011000111111100
11111110110011010111011010111111
11111110111001011011010001111111
11111111010100010100001001010001
11111111001110001000011100111011
11111110101100010011010111001100
11111110100110111101010010011101
11111111000010011010000000011000
11111111011000010000000110001011
11111111001100101110010101001000
11111111001000011000011101001011
11111111010000111001111100101010
11111111010010101000010000100000
11111110111111100011111111001110
11111110111000001101110101101110
11111110110101100110010001100111
11111110110011100011110001101110
11111110111000100010000001110000
11111111000010010000000100101111
11111110110000011010011101010011
11111110111011101011010110001010
11111110111110111101101101011101
11111110111110101011100111101111
11111111001110000011100110101110
11111111101011110111010101010111
11111111000011101111111011100010
11111110000111111100011100010100
11111110001111011100100001011101
11111110100100100111110100000100
11111110101011110100111010101111
11111110110001111100011010011010
11111110100000111010101000111111
11111110010101001110100111100011
11111110011100001111010111011101
11111110100001110000100101010111
11111110011001110000110110001111
11111110010101111101111100001010
11111110001100110111011000011110
11111110000011001101110110111010
11111110010000110110010100100000
11111111001001010101111010000110
00000000011111000010100111110001
00000010010001111100110010010101
00000011101001111000010110101001
00000101101010011111100000001110
00000111110110110110010011111010
00001001001100100110000110010000
00001000101001100101011011010100
00000101111000101101110110101101
11111111111011011100111110001101
11111100011000110000000110011001
11111011010101010011001010011010
11111011110111010000111110001111
11111100100111010101001000000111
11111100100110100010011111101000
11111100101100110110010110000010
11111100011111101100000000001000
11111100010100100110010000011011
11111100010101111010101001010000
11111100010010110000000111010000
11111100100000001000000001011100
11111100100010010101101010100010
11111100110001010001101000001100
11111100111110000001001010010010
11111100100101001100000000011110
11111100011100110100011100101000
11111100111101100111001111010001
11111100101100110011000010001001
11111100011001011000001001101110
11111100011110000010001101101100
11111100011011001001110001011101
11111100011011010001100110101111
11111100100000101001110001110010
11111100100000110110001000100001
11111100100010110010111001011011
11111101000011010000001100111011
