00000000101111011110110000001010
00000000000000000000000000000110
00000000000000000000000000000110
00000000000000000000000000000110
00000000111101001001110011111100
11111111100110101001100111000001
11111111101110001000010001001011
11111111111110010101000010000111
00000000000001111111000111011110
00000000000011111101000101110111
00000000000001010110110100101011
00000000000000011111110001111011
11111111111100011110011011101100
11111111111100100010101100001011
11111111111101100110100000010111
11111111111011100111011000111110
00000000000001110110100110100001
11111111111111011101000110110001
11111111111010110111101110001100
00000000000001100110101101100110
00000000000001101111001110100101
11111111111011000111100111001000
11111111111111100100011110110000
00000000000001100110101101100101
11111111111111110000000111001011
11111111111110011001010010100111
00000000000000001011101000100010
00000000000100011100110111101100
00000000000010010110011000010111
11111111111101010101011110011011
11111111111101001110000110011110
00000000000001110110100110100001
00000000000101000100000001100000
11111111111110001001011001101011
11111111111011000111100111001000
00000000000000100100000010011100
00000000000000101011011010011000
00000000000001110110100110100001
11111111111111010000010101010101
11111111111110111001000100011101
00000000000000011011100001011101
00000000000000111011010011010011
11111111111111010100100101110100
11111111111111111011101111100111
00000000000001011111010101101001
11111111111101101001100111110101
11111111111101101101111000010100
00000000000010100110010001010010
11111111111100100010101100001011
00000000000000011011100001011101
00000000000101110011101100010010
11111111111110000101001001001101
11111111111110101001001011100010
11111111111111100100011110101111
11111111111100000111001010110110
11111111111110111001000100011100
00000000000001001011001100001111
11111111111111000100101100111000
00000000000000111011010011010011
11111111111101111001100000110000
00000000000000001111111001000001
00000000000001100110101101100110
00000000000000111011010011010100
11111111111101001110000110011110
11111111111110011001010010100111
00000000000000000100010000100101
00000000000010100010000000110011
00000000000010000010001110111101
11111111111111110000000111001100
11111111111011010111100000000010
00000000000000010100001001100000
00000000000001001011001100001111
11111111111111101011110110101101
00000000000001110110100110100010
11111111111110110100110011111110
11111111111110001101101010001010
11111111111101010010010110111101
11111111111100000111001010110100
11111111111110111001000100011101
00000000000001011011000101001010
11111111111110110100110011111110
11111111111011001011110111100110
00000000000001110110100110100001
00000000000000101011011010011000
11111111111101000010011110000001
11111111111111100100011110101110
00000000000010010010000111111000
11111111111101011101111111011010
00000000000100001100111110110010
00000000000010101101101001001111
11111111111111111011101111100111
00000000000001110010010110000010
00000000000001100110101101100110
11111111111111110000000111001011
11111111111111100000001110001111
00000000000101001000010010000000
00000000000000000000000000000110
00000000000000000111011000000011
00000000000001110110100110100000
00000000000000000000000000000101
00000000000010110001111001101111
11111111111101011101111111011001
11111111110110011010110110100101
00000000000000100111001001111001
11111111111111101000101111001111
11111111111101111001100000110000
00000000000101100011110011010110
00000000001100111111010110000100
00000000010010011011110001010110
11111111110001111010110111100001
11111111111100101010000100001010
11111111110001110010010110100011
11111111110100010100010111010000
11111111111011000011010110101001
11111111111100110010100101000110
11111111111010111111000110001010
00000000001100111011000101100011
11111111111101010010010110111011
00000000000000101011011010011000
11111111111100111110001101100011
00000000000000101011011010011000
00000000000011111000110101011000
00000000000000110111000010110100
11111111111101101101111000010100
11111111111110111001000100011110
11111111111100110010100101000110
11111111111101001110000110011101
11111111111101010010010110111101
00000000000101011000001010111011
11111111111111001000111101010110
11111111111111100000001110010000
00000000000011101101001100111100
11111111111101001110000110011110
11111111111101010010010110111101
00000000000010110001111001101110
11111111111010000000101011011110
11111111111110011101100011000110
00000000000000001111111001000010
11111111111101000010011110000001
11111111111111010100100101110011
11111111111111001000111101011000
11111111111111100100011110101110
00000000000100110100001000100110
11111111111101111001100000110001
11111111111010101100000101110000
00000000000001101010111110000101
00000000000001001011001100001101
11111111111100110010100101000110
11111111111101001110000110011101
00000000000001011111010101101000
11111111111110110100110011111101
11111111111101101101111000010100
11111111111101100010001111111000
11111111111101010010010110111101
00000000000010110001111001101111
00000000000011011101010100000001
11111111111110110000100011011110
00000000000011111101000101110110
11111111111111000100101100111001
11111111111010111011111110101100
00000000000000000000000000000110
00000000000010100110010001010011
11111111111011110111010001111010
00000000000001100110101101100110
11111111111101101001100111110100
00000000000011110001011101011011
00000000000011001101011011000110
11111111111111010000010101010101
11111111111100101110010100101000
00000000000001001011001100001110
00000000000011011101010100000000
11111111110101011000001011011100
00000000000011110001011101011011
00000000000010100010000000110011
11111111111010011100001100110101
00000000000011000001110010101001
11111111111111110100010111101011
00000000000000010111010000111111
00000000000010010010000111111000
00000000000000111011010011010100
11111111111100100010101100001011
00000000000010000110011111011100
11111111111111000000011100011010
11111111111110001001011001101011
00000000000001111010110111000000
11111111111110001101101010001001
11111111111101011001101110111011
00000000000001011011000101001001
11111111111011110111010001111010
11111111111111001000111101011000
00000000000000111011010011010100
00000000000010110110001010001101
11111111111010010111111100010111
11111111111111010100100101110100
11111111111110001101101010001010
11111111111110001101101010001010
11111111111111100100011110101111
00000000000000000000000000000111
11111111111110111001000100011100
00000000000001000110111011101111
11111111111111000100101100111001
11111111111110101101011100000001
00000000000000110111000010110100
11111111111111100100011110101110
11111111111110100100111011000011
00000000000001000110111011110001
00000000000010110001111001101110
00000000000010010010000111110111
11111111111111100000001110001111
00000000000000101011011010011001
00000000000000000000000000000110
00000000000000000000000000000110
00000000000011110001011101011011
11111111111010101100000101110001
11111111111111110000000111001011
00000000000011111000110101011000
11111111111111100000001110010001
00000000000001010110110100101011
00000000000001110110100110100001
11111111111111111011101111101000
00000000000000000000000000000110
00000000000000011111110001111101
11111111111110110100110011111101
00000000000010100010000000110100
00000000000110001111001101101001
11111111111100001110100010110010
11111111111111110000000111001010
00000000000001001011001100001110
11111111111110001001011001101100
11111111111111110000000111001010
11111111111100110010100101000111
11111111111110111101010100111100
11111111111101111001100000110001
00000000000000010100001001100000
11111111111101011101111111011010
00000000000011000001110010101010
11111111111101000010011110000001
11111111111000001101001100100010
11111111111110000101001001001101
11111111111101111101110001001110
00000000000001000110111011110000
11111111111100110010100101000110
11111111111111010000010101010101
11111111111100100110111100101010
00000000001110100110000011100011
00000000001101011111000111111001
00000000011101000011100110000010
11111111100111100110000011001110
11111111101110000100000000101100
11111111110100010100010111010000
00000000000000110010110010010101
00000000000100010001001111010001
11111111111111110000000111001011
00000000000101000100000001100001
00000000000100011000100111001110
11111111111101011001101110111011
11111111111110001001011001101011
00000000000000101011011010011000
11111111111111100000001110010001
00000000000100101000100000001001
11111111111111100100011110101110
11111111111110001001011001101100
11111111111111110000000111001011
00000000000000011111110001111100
00000000000010001101110111011001
00000000000000101011011010011000
00000000000000001111111001000001
11111111111110011001010010100110
11111111111111010100100101110100
11111111111100000111001010110011
11111111111111001000111101010111
11111111111111100000001110010000
11111111111110111101010100111100
11111111111011001011110111100111
11111111111101101101111000010011
00000000000001011011000101001010
11111111111011110111010001111001
00000000000101000100000001100001
11111111111111000100101100111000
11111111111000110101011111010101
00000000000010100110010001010010
00000000000010000110011111011100
11111111111100100010101100001100
00000000000010110001111001101111
00000000000011011101010100000001
00000000000000110010110010010101
11111111111101101101111000010100
00000000000011100001100100100000
11111111111100101110010100100111
11111111111100111110001101100010
00000000000000111111100011110010
00000000000100001000101110010011
11111111111110110000100011011110
00000000000000000100010000100110
11111111111110011001010010100111
00000000000000101011011010011001
00000000000101100011110011010111
00000000000000000111011000000011
00000000000001001011001100010000
11111111111111100000001110010000
00000000000000000000000000000110
11111111111111000100101100111000
11111111111110001101101010001010
00000000000001100110101101100110
00000000000001110010010110000010
00000000000001100110101101100110
11111111111010111011111110101011
00000000000011000001110010101001
00000000000010100010000000110100
11111111111110100100111011000011
00000000000101000100000001100000
00000000000000001011101000100010
11111111111101111001100000110001
00000000000011001101011011000110
00000000000001011011000101001010
11111111111010010111111100010111
00000000001000010001011100100000
00000000000000011111110001111100
11111111111100111110001101100001
00000000000011111101000101110111
00000000000001000110111011110000
00000000000001000010101011010001
00000000000011000001110010101010
11111111111101001110000110011101
00000000000000000000000000000110
11111111111110100100111011000011
00000000000000101111101010110111
11111111111111100000001110010000
11111111111111100000001110010000
00000000000110000011100101001101
11111111111011000011010110101001
00000000000010010010000111111000
00000000000011000001110010101001
11111111111111000000011100011010
11111111111111000100101100111010
00000000000100101100110000101001
11111111110011110100100101011001
00000000001100110010100100100110
11111111111101100110100000010111
00000000000101000100000001100000
00000000011110100110000011000001
00000000010010111111110011101011
11111111100110101101110111100000
11111111101001010111010000001010
11111111111010010111111100010111
11111111111010001000000011011011
11111111111110110000100011011110
11111111110100111111110001100010
00000000000001101010111110000101
00000000001000111101111111110100
11111111111011100011001000100000
11111111111011100111011000111110
00000000001000100001010101011011
00000000000001001011001100001111
11111111111010110111101110001101
00000000000011010101111100000011
00000000000011000110000011001001
11111111111100000010111010010101
00000000000000000000000000000110
00000000000000100010111001011011
00000000000001110110100110100001
11111111111111000100101100111001
00000000000001111010110111000000
00000000000001011011000101001010
00000000000000011011100001011101
00000000000101101111011011110010
11111111111010111011111110101100
11111111111111010000010101010100
00000000001000010101101100111110
11111111111110110000100011011111
11111111111111010100100101110100
11111111111111000100101100111000
11111111111111100100011110101111
00000000000010100010000000110100
00000000000010010010000111111001
11111111111110100100111011000011
00000000000000110111000010110101
00000000000110000011100101001101
11111111111110000101001001001100
11111111111110110100110011111110
00000000000000110011111011010110
11111111111110101001001011100010
00000000000010010010000111111000
11111111111101111101110001001111
11111111111010111011111110101011
00000000000001111010110110111111
00000000000000010100001001100000
00000000000000110111000010110100
11111111111101001110000110011101
00000000000001011011000101001001
00000000000001001011001100001110
11111111111110001001011001101011
00000000000001011011000101001000
11111111111111110000000111001011
00000000000001110010010110000010
11111111111100110010100101000111
00000000000000110111000010110101
00000000000000000000000000000110
11111111111111010100100101110011
11111111111111100100011110110000
00000000000000001111111001000001
00000000000000000000000000000110
11111111111001100000111001101000
00000000000100001100111110110010
00000000000000001111111001000001
11111111111001010001000000101100
00000000000011001101011011000101
00000000000010110110001010001101
11111111111101110101010000010010
00000000000000101111101010111000
00000000000001001011001100001111
11111111111110001001011001101011
11111111111110100100111011000011
00000000000011110001011101011011
00000000000001110010010110000010
11111111111101110101010000010001
00000000000000000000000000000110
00000000000010100110010001010010
11111111111110010101000010001000
00000000000011010001101011100101
11111111111111111011101111100110
11111111111110010101000010000111
00000000000000010100001001100000
11111111111011110111010001111010
00000000000100110100001000100101
00000000000000011111110001111100
11111111111100111110001101100011
00000000000000111011010011010100
00000000000000011111110001111100
11111111111100010010110011001111
00000000000011011101010100000000
00000000000001110110100110100001
11111111111011100011001000011110
00000000000011010001101011100101
00000000000000111011010011010011
00000000000001011011000101001001
11111111111100001010010010010011
00000000000001011011000101001010
11111111110111010011000010010101
00000000000000101111101010110111
00000000000011000110000011001001
11111111111011111011100010011000
11111111111110100100111011000010
00000000000001000010101011010001
00000000000000111011010011010011
00000000000011000110000011001001
11111111111101011001101110111010
00000000000000101011011010011001
00000000000000001111111001000001
00000000000010100110010001010010
11111111111110000101001001001100
00000000000000111011010011010100
11111111111110001001011001101011
11111111111110011001010010100110
11111111111111010100100101110011
00000000000011000110000011001000
11111111111011011110110111111111
00000000000001001111011100101101
11111111111010010000100100011010
11111111111101111101110001001111
00000000000001010110110100101011
00000000000100110101010001100111
11111111111010010000100100011000
11111111110111010110001001110011
00000000000101001000010001111111
00000000000010111101100010001011
00000000000100010100010110101111
00000000000001110110100110100001
11111111111011010111100000000100
00000000000011001101011011000101
00000000000000001011101000100011
11111111111100100110111100101011
11111111111110111001000100011100
00000000000010000110011111011100
11111111111111100000001110001111
11111111111001010001000000101101
11111111111111111011101111100111
11111111111100111001111101000100
11111111111111111011101111100111
11111111111111101000101111001111
11111111110101111111010101001110
00000000000100000001010110010110
00000000001011110111010001011001
00000000001110100001110011000011
00000000010010111010011010001011
00000000000110001101001111001011
11111111100011010011101011000011
11111111110011111000110101111001
11111111111000011101000101011101
00000000000001101010111110000100
00000000000011110101101101111001
00000000000100011111111111001100
00000000000000000000000000000111
11111111111010010000100100011001
00000000000000011111110001111101
11111111111101101101111000010100
00000000000000011011100001011101
00000000000000011111110001111100
00000000000000110111000010110100
00000000000000000000000000000110
00000000000100010001001111010001
11111111111011000011010110101010
11111111111111000000011100011001
00000000000111100010111010110000
11111111111101110101010000010000
00000000000010011101110000010100
00000000000010010010000111110111
11111111111110100100111011000010
00000000000000000000000000000101
11111111111110101001001011100001
11111111111111010100100101110100
11111111111100000010111010010100
00000000000010001010101111111011
11111111111111110000000111001011
11111111111111101000101111001110
11111111111110110000100011011111
00000000000001001011001100001111
11111111111011011011110000100001
00000000000010000110011111011100
11111111111101001110000110011110
00000000000000001111111001000010
00000000000010100110010001010001
00000000000001000010101011010001
00000000000001000110111011101111
11111111111111010000010101010100
11111111111101111101110001001111
00000000000000100100000010011011
11111111111101111101110001001111
11111111111101111001100000110001
00000000000101100011110011010110
11111111111100111110001101100010
11111111111100011110011011101110
00000000000100101100110000101001
11111111111101001110000110011110
11111111111111110000000111001011
00000000000010110001111001101111
00000000000001100110101101100111
11111111111100101110010100100111
11111111111100100110111100101010
00000000000011010101111100000011
11111111111110000101001001001100
00000000000010010010000111111000
11111111111110110100110011111101
11111111111100001011011011010011
11111111111110100100111011000010
00000000000101110011101100010010
11111111111100101110010100101000
00000000000011111101000101110111
00000000000010101001011000110001
11111111111100100010101100001100
00000000000001110110100110100001
00000000000100001100111110110010
11111111111111011011111101110001
00000000000000011011100001011101
00000000000001011011000101001001
11111111111100101110010100100111
00000000000010010010000111111000
11111111111111110000000111001011
11111111111110110100110011111110
00000000000000101011011010011001
00000000000001110110100110100001
11111111111111010000010101010110
00000000000011100001100100100000
11111111111110011001010010100101
00000000000011011001000011100010
00000000000000001011101000100010
00000000000010111001010001101011
00000000000111101110100011001011
00000000000110010111101110100111
00000000010100001001110110110011
00000000000100100010010001001100
11111111101001100100000001100111
11111111101101011000100110011001
00000000000010111001010001101011
11111111110111010001111001010100
11111111111110010000110001101000
00000000000101010011111010011011
11111111111101110101010000010000
00000000000011111000110101011000
00000000000001110110100110100010
00000000000011010001101011100101
11111111111101110010001000110011
11111111111010101100000101110000
00000000000110011111000110100100
00000000000011000001110010101000
00000000000000011011100001011110
11111111111110010101000010000111
11111111111011011011110000100010
11111111111110000101001001001101
00000000000011111101000101110111
00000000000001101010111110000110
00000000000000010111010000111110
00000000000100001100111110110010
11111111111100100010101100001011
00000000000000101111101010111000
00000000000001011011000101001011
00000000000000110111000010110100
11111111111110110100110011111101
00000000000010100010000000110100
11111111111111001000111101011001
00000000000001010010100100001011
11111111111111011000110110010011
11111111111111100000001110001111
11111111111011110011000001011010
00000000000010001010101111111011
11111111111100000111001010110100
00000000000000010100001001100000
00000000000000000000000000000101
11111111111011100111011000111110
00000000000100011100110111101101
00000000000010111101100010001010
11111111111110110100110011111100
00000000000010000010001110111101
00000000000010111101100010001011
00000000000010010110011000010111
11111111111110100100111011000001
00000000000011111000110101011001
11111111111011110111010001111000
11111111111111100100011110101101
00000000000000011011100001011101
11111111111111011101000110110010
11111111111110100100111011000011
00000000000000101011011010011000
11111111111111010100100101110011
11111111111100100010101100001011
11111111111111100100011110101110
11111111111111100100011110101111
00000000000001100110101101100110
11111111111111111011101111101000
11111111111111100100011110101111
11111111111011100111011000111110
00000000000001101010111110000101
00000000000000011011100001011101
00000000000000011011100001011110
00000000000011101101001100111101
00000000000000110111000010110100
11111111111101110101010000010001
00000000000101100011110011010110
11111111111110011001010010100110
11111111111011110011000001011010
00000000000100111000011001000100
00000000000000000000000000000101
11111111111111101011110110101100
00000000000010000110011111011100
11111111111110111001000100011100
11111111111101111001100000110000
11111111111111010100100101110011
00000000000000111111100011110010
11111111111100001110100010110010
00000000000100011100110111101110
00000000000010111101100010001010
11111111111111011011111101110001
11111111111111100000001110010000
00000000000000111111100011110010
00000000000000101011011010011001
00000000000001110010010110000001
11111111111100110110110101100110
11111111111111100000001110010000
11111111111110011001010010100110
00000000000011010001101011100100
00000000000000110111000010110100
00000000000001010110110100101010
00000000000000101011011010011000
11111111111011000111100111000111
11111111111111001101001101110111
00000000000001100110101101100110
11111111111111110000000111001011
00000000000010110001111001101110
00000000000000001011101000100010
00000000000100011111111111001100
11111111111111110000000111001010
00000000000000101111101010111000
11111111111100100010101100001100
00000000000001001011001100001111
11111111111100010010110011010000
00000000000011001101011011000110
00000000000001011011000101001001
11111111111110110100110011111110
00000000000000101011011010011000
11111111111110011001010010100110
00000000000000111011010011010011
11111111111101101001100111110101
00000000000001001011001100001111
00000000000000101111101010110111
11111111111101101001100111110101
00000000000001001011001100001111
00000000000000111011010011010010
00000000000000111011010011010011
00000000000000111011010011010011
00000000000010100010000000110010
11111111111110010101000010000111
00000000000011011101010100000001
11111111111111110000000111001011
11111111111110110100110011111110
11111111111110011001010010100111
00000000000000000000000000000110
11111111111111010100100101110100
00000000000010100010000000110011
11111111111111110000000111001011
00000000000010000010001110111100
11111111111110011001010010100110
00000000000001011011000101001001
11111111111111000100101100111000
00000000000011000001110010101010
11111111111100101010000100001001
00000000000000000100010000100100
00000000000001000110111011101111
00000000000000000000000000000111
00000000000010100010000000110011
00000000000001011011000101001001
11111111111101001001110101111111
11111111111000001101001100100001
11111111111111010000010101010101
00000000000000011111110001111100
11111111111011010011001111100011
00000000000000110111000010110011
00000000000101011000001010111011
00000000001110101101011011100000
00000000011100101000000100101010
00000000001110111111100110011100
11111111011000101110111101110110
11111111110100101110101111100110
00000000000000000111011000000011
00000000000110111110111000011010
00000000000101011111100010111000
00000000000100001000101110010011
11111111111110000101001001001100
11111111111110110000100011011110
00000000000000110011111011010111
11111111111101110101010000010001
00000000000101100011110011010111
00000000000010000110011111011100
11111111111101001001110101111110
00000000000010000110011111011101
00000000000010010110011000010111
11111111111001111000001010100000
00000000000011010001101011100100
11111111111111001000111101011000
11111111111110100100111011000010
00000000000011101101001100111011
00000000000001000110111011110000
00000000000000110111000010110101
11111111111111100100011110101111
11111111111110001001011001101011
00000000000101111111010100101110
11111111111111010000010101010101
00000000000001110110100110100010
11111111111110010101000010000111
11111111111111110100010111101010
00000000000001001011001100001111
00000000000010011101110000010100
11111111111010111011111110101100
11111111111111010100100101110100
00000000000010000110011111011101
11111111111101011101111111011001
11111111111111010100100101110100
00000000000010110001111001101110
00000000000001110110100110100001
00000000000010011101110000010101
11111111111111111011101111101000
00000000000100110100001000100101
11111111111111100000001110010000
11111111111110000101001001001101
00000000000011100001100100100000
11111111111101101101111000010011
00000000000000001011101000100010
00000000000001110110100110100001
11111111111100000111001010110101
00000000000010010010000111111000
00000000000011010001101011100100
11111111111111010000010101010101
11111111111111110000000111001011
00000000000010000010001110111101
00000000000001000110111011110000
11111111111100100110111100101010
00000000000001100110101101100101
00000000000000000100010000100101
11111111111110010101000010000111
11111111111111010100100101110011
11111111111101110010001000110010
11111111111101111001100000110000
00000000000011101101001100111100
11111111111110011001010010100110
00000000000000110111000010110100
00000000000011101101001100111100
11111111111101011101111111011000
11111111111101011001101110111010
00000000000000111111100011110010
00000000000010010110011000010111
00000000000001111101111110011110
11111111111100111110001101100011
00000000000000001111111001000000
11111111111101110101010000010001
00000000000000000100010000100110
00000000000011000001110010101010
11111111111110110000100011100000
00000000000001101010111110000101
11111111111100010111000011110000
00000000000011001001001010100110
00000000001001110101000010100001
00000000010101100000101011011001
00000000001110100010111100000100
11111111111011110011000001011010
11111111100010100101001001010010
11111111110101100101110010010101
00000000000010011101110000010100
11111111111100110101101100100101
11111111111011011110111000000000
00000000000000010100001001100000
11111111111100101010000100001001
00000000000110000111110101101100
00000000000000011111110001111100
11111111111111010100100101110011
00000000000001001011001100001111
00000000000100011100110111101110
11111111111111001100000100110110
00000000000000101011011010011001
11111111111111000100101100111010
00000000000010111101100010001010
11111111111110100100111011000011
11111111111111011000110110010010
00000000000110000011100101001100
00000000000011001001001010100111
11111111111110001001011001101011
00000000000010010110011000010111
11111111111110110100110011111110
00000000000010010010000111111000
00000000000011101101001100111100
11111111111111101011110110101100
00000000000001000110111011110001
11111111111111010100100101110100
00000000000000011011100001011101
11111111111101000010011110000001
11111111111111110100010111101010
11111111111100100010101100001100
00000000000001001111011100101101
11111111111101111101110001001110
00000000000001110010010110000010
00000000000000111011010011010011
00000000000000011111110001111100
11111111111110010101000010000111
00000000000111101010010010101100
00000000000011011001000011100000
11111111111011111110101001110110
00000000000000101111101010110111
00000000000000110011111011010111
11111111111101110101010000010001
00000000000100001100111110110001
00000000000010010110011000010110
11111111111110110100110011111101
11111111111101101001100111110101
11111111111101000010011110000001
11111111111110011001010010100101
00000000000001011011000101001010
11111111111111110100010111101011
11111111111101111001100000110000
00000000000010100010000000110011
11111111111111000100101100111000
11111111111110110000100011011110
00000000000000101111101010111000
11111111111111100100011110101111
11111111111100010010110011010010
00000000000011101101001100111110
00000000000000110111000010110101
11111111111101111001100000110000
00000000000010000110011111011011
11111111111101010010010110111101
00000000000010011101110000010100
00000000000100100100001111101010
11111111111110001001011001101100
11111111111010001100010011111010
00000000000100000001010110010100
11111111111101010010010110111110
11111111111100101110010100100111
00000000000001001011001100001111
00000000000001101010111110000100
00000000000011100100101011111110
00000000000000101011011010011000
11111111111110001101101010001010
11111111111110000101001001001100
00000000000100101000100000001010
00000000000010010010000111111000
11111111111011000111100111000110
00000000000100001100111110110010
00000000000000111011010011010011
11111111111100000010111010010100
11111111111110001001011001101011
00000000000011000001110010101010
00000000000101001111101001111101
00000000000001110010010110000011
11111111111110011001010010100111
11111111111111100000001110010000
00000000000000011111110001111100
00000000000000001111111001000001
11111111111111111011101111100111
00000000000000001111111001000001
00000000000010100010000000110100
11111111111111100000001110010000
00000000000010111101100010001011
00000000000011101101001100111011
11111111111101100101010111010111
00000000000000000000000000000101
00000000000000100100000010011011
11111111111110110000100011011111
11111111111111110100010111101010
11111111111111110000000111001010
11111111111111110000000111001011
00000000000001010110110100101010
00000000000000111011010011010100
00000000000001110110100110100001
00000000000011101101001100111100
11111111111110011001010010100110
00000000000000100111001001111011
11111111111111110000000111001100
11111111111110101001001011100010
00000000000010010010000111111000
00000000000000000000000000000111
00000000000000111011010011010011
00000000000010111001010001101100
11111111111100101110010100101000
00000000000100000001010110010110
11111111111111010000010101010100
00000000000010000110011111011100
00000000000000000000000000000111
11111111111110010101000010000111
00000000000011011101010100000001
00000000000000000000000000000110
00000000000000110111000010110101
00000000000000101011011010011001
00000000000000101011011010011001
00000000000010000010001110111100
00000000000000111011010011010010
11111111111110101001001011100001
00000000000000000000000000000110
11111111111101100010001111111000
11111111111011011110111000000001
11111111110110101010101111100000
00000000000011101000111100011100
00000000000011010001101011100100
11111111111011000011010110101001
00000000000000001111111001000001
00000000000111111110011100001000
00000000010011011010001100000010
00000000001100010111000011001110
00000000001101001111001110111110
11111111101000011000110101011111
11111111110100001011110110010010
11111111111010111111000110001010
00000000000000111011010011010100
11111111111110011101100011000101
00000000000100000001010110010101
11111111111110011001010010100111
11111111111110011001010010100111
11111111111111110000000111001011
11111111111111111011101111100111
00000000000010010010000111111001
00000000000001111010110111000000
11111111111110010101000010000111
11111111111111010100100101110100
11111111111011101011101001011101
00000000000001011011000101001001
00000000000011011001000011100001
11111111111111110000000111001011
00000000000001000110111011101111
00000000000000011111110001111100
11111111111101111001100000110000
00000000000000001111111001000001
00000000000011011101010100000000
00000000000000101011011010011000
11111111111100001110100010110010
00000000000010001010101111111100
00000000000001100110101101100111
11111111111100000010111010010101
11111111111110011101100011000100
11111111111111110100010111101010
11111111111101001001110101111110
11111111111111100100011110101111
00000000000011100101110100111110
11111111111100001110100010110001
11111111111010010000100100011001
00000000000001000011110100010010
00000000000001000110111011101111
00000000000001000110111011110000
11111111111110001101101010001010
00000000000000011011100001011110
00000000000000111111100011110010
11111111111110110000100011011110
00000000000100101111111000000101
00000000000100011000100111001110
11111111111111100100011110110000
00000000000010101101101001001111
11111111111100001110100010110001
00000000000000100100000010011100
00000000000010001101110111011001
00000000000001001011001100001111
00000000000001001011001100001111
00000000000000010111010000111110
00000000000110011010110110000100
11111111111111100100011110110000
11111111111011010011001111100011
11111111111110101001001011100010
00000000000010001010101111111100
00000000000000001011101000100010
00000000000001010110110100101011
00000000001010001100010011011010
00000000000001110101011101100000
11111111111110001001011001101100
11111111111111110000000111001010
00000000000010111101100010001011
00000000000011101101001100111011
11111111111001100000111001101000
11111111111100100010101100001011
11111111111110010001111010101001
00000000000010001010101111111010
11111111111111101011110110101100
00000000000010110001111001101110
00000000000000111011010011010011
11111111111110100000101010100100
00000000000000000000000000000111
00000000000000001000100001000100
00000000000001100010011101000111
00000000000000100111001001111010
00000000000000111011010011010100
11111111111111010000010101010101
00000000011110100101101111011111
11111110101110111010101101000101
00000000010110111011100110101111
00000001000111110100001111001100
11111110101011001101001011101111
00000000000011010110111110110100
00000000000111011100011100101111
11111111111001011110010101101100
00000000000110101001111000110111
11111111111000001111100010101111
11111111111010100100111010010000
00000000010000011010000011010001
11111111111001001010011110011001
00000000000000101011011100000010
11111111110110111000000111100101
00000000010001110110001000111001
11111111110100100011011100101111
00000000000100101001011111001010
11111111110111000100011101001001
00000000000000100001001010000011
11111111111101110010110110111110
11111111111011010111011110000110
00000000000011010101001110001001
00000000001010111101011101000100
11111111111011101010111011100100
00000000000011111010011111010010
00000000000110111000101011111001
11111111111111000100010000110001
00000000000001000000011001110111
00000000000000101011011100000100
11111111111111111010111011110011
11111111111101011110111111101011
00000000000100011001001011110110
11111111111010101100000010001010
00000000000010000100111010110110
00000000000010011000011000010100
11111111111111111000111000001111
11111111111000111101100101100011
00000000000000110000100000010100
00000000000010110110100001100101
11111111111100010110010111100011
00000000000000111000101110101101
11111111111000110010111001110000
00000000000100010011100100010011
11111111111101101111010011000001
00000000000100011101110110010011
11111111111101101110010101111110
00000000000001100110001110010010
11111111111010101011011110111000
00000000001011100110110101011101
11111111111110101110001100011101
00000000000100010101100111111001
11111111101000000110011111101000
00000000000101011110000110100111
11111111111111011010111111010100
00000001100110100001001101101111
11111111011111010010100000111010
11111111000101110101010110100100
11111111101110001110100001110001
00000000010011001010111101001101
00000000000001110011010000100111
11111111110111110000011100010111
00000000000000100101010001010000
00000000000001100011001101100110
11111111110110111100110010000010
00000000000110111000001000101001
11111111111101111101101100001110
00000000000100110100101110010000
11111111111110110111111011001101
11111111111101100011101010000111
00000000000010110100011101111110
00000000000100011010101100001011
11111111111111100111011110010101
11111111111001000111110111100011
00000000000110001010000101110111
11111111110111100000100010110101
00000000000001111100101100011010
00000000000010110100011110000000
11111111111101110011011010001101
11111111111100101000101110011110
00000000000111111000100010011010
11111111110101100011010011010001
00000000000110000001011101100110
11111111111001111010110101001101
00000000001000101111110000101101
11111111110110110001100010111100
00000000000100101111101001111110
11111111110111110101101010000101
00000000000000000010000011101101
00000000001001101110101010001000
11111111111100001100101000110001
00000000000000110101001010110010
11111111111010101111000010110011
00000000000101101010011100001100
11111111110110010110111101100111
00000000000010000101110111111010
11111111111110111010011000100111
11111111111010100111111010111011
00000000000010010001000111000000
00000000000000110001100110110111
00000000000100001010011000110100
11111111111111011001000101001011
11111111111001010000011111110000
11111111111010111101011100000000
00000000000010111011100101110111
00000000000000101001111011101110
00000000000000101011011100000011
00000000001100100101101110111001
11111111110100011010110100100011
00000000000001111110110000000010
00000000000011101011101100010000
11111111111110101000100100111010
11111111111110100000111001110010
00000000001001110100110100111011
11111111110110101000111010110000
00000000000000110101001010110010
11111111111110011100001111010110
11111111111011100010001001111011
00000000000000111010001111000100
00000000001001001000011011111001
11111111011111111010111001101010
11111111111000001110000010011001
11111111110100101000100001000010
00000000100100100001001001100001
00000001110110010111001111101110
11111110011110111101001110011001
11111111001100100100011010100101
00000000001001101000011111010110
00000000001100111000000101110100
11111111111000111011001000001000
11111111111011000001111101000001
00000000001101001000111100011011
11111111111001100111100001001100
11111111111000110101111010011011
00000000000100011001001011110100
11111111111110111001111110110011
11111111111111110001110000010110
00000000001010011001001001000000
11111111110111111101101111000100
00000000000001011110100011001010
00000000000111100011100100100110
11111111111001010101001010001110
00000000000011111000111110111100
00000000000110000011100001001110
00000000000000000011100100000011
00000000000000110001000011100110
11111111111111110000101001110110
11111111111101001100011111010100
00000000000001101000010001111000
00000000000110010110111110101010
00000000000010101000010001110101
11111111111110100111000100100101
00000000000011100000011101001100
11111111111100001000100001100100
00000000000001100000100110110000
00000000000101100100010001011010
11111111111111000000001001100110
11111111111100100110010001000011
00000000001010111001010101111001
11111111110100010010000010110110
00000000000000001111111001101000
00000000000010110000010110110010
00000000000100110011110001001011
11111111111011110001101001101000
00000000000010100111101110100011
11111111111001000110110001000001
11111111111110001001010101001000
00000000000110110110000101000011
11111111111011101010011000010100
11111111101100111000011101011101
00000000100100100110001101110011
00000001000101000111010000011100
00000000001101001100001001000101
11111110101010011011000110000101
11111111100100101111110001010001
11111111101011000001111011111100
00000000001110101101101010010001
11111111111000101111101111101000
11111111111101000101111010101011
00000000010101001111010100101100
11111111111000100011101100111010
11111111111110101110001100011111
00000000001000100101000100111001
00000000000000110111001110011000
00000000001001000011001110001011
00000000000011111100100010110110
00000000000000000111010001011011
00000000000000101111100011010000
00000000000011100001111101100001
11111111110101100100110011100110
00000000000100100011110111101001
00000000001010100101111000011010
11111111111101100010100011100111
11111111111100010000101111111101
00000000001101011111111101110111
11111111111100100111001110000111
00000000000110001010101001000101
00000000000010000111100001101011
11111111111010011001000111111101
11111111110100011001101110000001
00000000000001101000010001110111
00000000000001111111010011010010
11111111111000010011101001111010
00000000001001110101110001111111
11111111110000110001100101110010
11111111111101011111111100110001
00000000000101100010110001000101
11111111110110101110111100000110
00000000000011111100100010111000
11111111111001011000001010111001
11111111111110111110011111110010
11111111111111100110111011000111
00000000000101011000000101010010
11111111111000000001010010111101
11111111111110111110000101111111
00000000000101010111100001111110
11111111111010001000010001010100
11111111111010011010101000010001
00000000000110101001101111011100
11111111110000101001010111011001
00000000000011110101110100110101
00000000001100011111111101111001
11111111110110011010101010111111
11111111111110100011010111001101
00000000000000110011000111001100
00000000000001100001100011110011
11111111111101001101000010100011
11111111111111001010010010001000
11111111111100111111001100101000
11111111110110001000000001001010
00000000000010100110000100110010
11111111110111100001111001110000
00000000010001011110001010011011
11111111110001100101010000001000
00000000000010001100100101111101
00000000000000011001000101000111
11111111111110011001101000011111
11111111111111101111001001011111
00000000000000111001010010000001
11111111101001101011001101011110
11111111101111001010010001000011
11111111110000110010100010110110
00000000010111011001100100000011
00000001001111001101101000100110
11111111010010100111111110001101
11111110111110011111000010001101
00000000010100011111110001100011
00000000000111111111010000011110
11111111111010000110110000111110
11111111111001000001101100110001
11111111111011100100110000110000
00000000010001010110011111010001
11111111101011010001110101011101
00000000000111001110100110110011
00000000000000011111101001101101
11111111111101001111101001011010
11111111111111110101010100010010
00000000000010110111000100110110
00000000001011010001011101110101
11111111111110011101010101111000
11111111111101100111001110000100
11111111111101000000010011001001
11111111111010101111100110000011
11111111111010111110011001000111
00000000001001010010100100011011
11111111111000100001011111110111
00000000000101110111101110111000
00000000000010110110100001100101
11111111111001110101111010011001
00000000000110000011100001001101
11111111111110001011111011111101
11111111111110011000101011011001
00000000000000001000000101000010
11111111110100110001101100011101
00000000000100000100100111110111
11111111111011010110010111100011
11111111111100000001011001101110
11111111111110100110100001010100
00000000000101011101101100110011
11111111110111011111100101110001
11111111111100101111011100100001
00000000000010100001100011110010
00000000000111101100010110001111
11111111111001000000101111101011
11111111110101010010110110011100
00000000100110001111111111111010
00000001100111000010000111010110
11111110010010111100011101110111
11111111011110101101011101100100
11111111111000110101010111001001
11111111111001110001110011001011
00000000001101100101100101011001
11111111111011000111001010110001
00000000010000011000111100101111
11111111111010010011100000011001
11111111101101010001001000101011
00000000001111100001010100101000
00000000000111011111000011100110
00000000000001101001011000011010
11111111111101110101011101110110
11111111111110011100110010100110
11111111110111011110011111010000
11111111111110000011010011110011
00000000000010011000011000010100
00000000000100010100101010110100
11111111111100100101001010100000
00000000000110100010100111100101
11111111111010100100111010010001
00000000001100010110011000100111
11111111111100001111001111101000
11111111111101011110000010100101
00000000010000100000110001010101
11111111111010101000011110001011
11111111111101100000100000000000
00000000000001100110001110010000
11111111111010111110011001000101
11111111111100111000000100101110
11111111111111100010110011111010
00000000000100001000010101001111
11111111110100110011110000000101
00000000001011010110111011111010
11111111111100101101011000111011
11111111111000001000111110001001
00000000001001100101011110101010
11111111111011100010101101001011
11111111110111010110010000110101
00000000000110110000011101100001
11111111111000101000100111110000
00000000000010100001100011110001
00000000001010000110001110110011
11111111111100000110011101111110
00000000000000010010010111000011
00000000000001101110011100101011
00000000000011110000010110110000
11111111111111111011111000111001
11111111111111100111011110010110
00000000000011001011111001001110
00000000000000111000101110101110
11111111111100110000011001100110
00000000001001100010110111110010
11111111111100101111011100100000
11111111111110110010110110111011
11111111111101100110000111100100
11111111111101000011110111000101
00000000000010110001110111001000
00000000000011000111011000001101
11111111111101001101000010100011
00000000000011111011111111101001
11111111111101000000010011001001
00000000000000000011100100000100
00000000000010000010110111001110
00000000000010100100100100011100
00000000000001110101000001010100
11111111110111001100100010000111
11111111111100000100011010011001
00000000000001010001010000011110
11111111111011011001101011001000
11111111100010111000100011000001
11111111110100101010100100100110
00000000000111010111101000110101
00000001101101100111001001101100
11111111010011010101001101011010
11111110111011001101001110101100
00000000001101110001110001100010
00000000000000101100100010100101
00000000001000100000000000101000
11111111111111001100111000111111
11111111111100100000000110010000
00000000001010110101110001111101
11111111111000101111010101110010
11111111111011111010010001110110
00000000000010100001000000011111
00000000000011111000111110111100
11111111111110110110011010110110
00000000000010000100100001000001
00000000000001001110001111110100
11111111111100101110111001010010
11111111111000011010010111111111
00000000000011110010110100001011
00000000000000101110111111111111
11111111111110011011110101100000
11111111111110101100101100001000
11111111110101111101111000100110
00000000001001010100000100110011
00000000000000010100011010101001
11111111111000100001011111110111
00000000000010011111100000001011
11111111111010111110111100010110
00000000000111010111011000011101
00000000001001001100111100111001
11111111111100011001111011011110
11111111111001010100100110111101
00000000000110110100100100101100
00000000000011011101110110010100
11111111110100001010010111101110
00000000001001000111010101010110
11111111111100010110010111100010
11111111110011100010111001100010
00000000000110100111110101010011
00000000000100010111101011011110
11111111110001111010100111110000
00000001000110100110111010000010
00000000110001001110001100001001
11111101111000110110100111111001
11111111101001011000100011101000
11111111111011101101100010011010
00000000001000010100001110010010
00000000000110000010100100001001
00000000001101100001000100010111
11111111111011110011001001111111
11111111111100000111100100100000
00000000000101100001010000101111
00000000000101110001100100000110
00000000000100001110100000000001
11111111111100011000011011000111
11111111111110110101110111100110
00000000000001101111111100111111
00000000000010000000110011101000
11111111111101100111000100100111
00000000000110110001000000110010
00000000000001101101010110001010
11111111111001111001111000000111
00000000001010100111011000110000
11111111111101000011110111000101
11111111111001000110110001000010
00000000001111011110101101110001
11111111111000000011010110100101
11111111111010000101101010011101
00000000001001000101010001110010
11111111111011111111111001011001
11111111110100001011111000000101
00000000000110010110011011011011
11111111111100000000011100101010
11111111111101000000010011001001
00000000001000010000000111000101
11111111111111000000100011011011
11111111110101010110000000100101
00000000001101010100001011100000
11111111111001110000101100101000
11111111111010001101010101100100
00000000001000100100000111110011
11111111111101111011000101011000
11111111111110000110010100011100
00000000001001000110001110110100
11111111110101000111001101100100
00000000000010000100010111100100
00000000000100011011110010101100
00000000000001100000100110110001
11111111111001011111110110000010
00000000000001111111010011010010
11111111111100001110101100011001
11111111111011000010100000010010
00000000001011001000101100001011
00000000000000101010011110111110
11111111111100100000000110010000
00000000000010100001000000100001
00000000001000101110010000010111
11111111110110000010100011000011
00000000000001010001110011101111
00000000000011000001001101011010
11111111111000001100100010000100
00000000000111101001010101100101
00000000000011000110011011000110
11111111111000111100000101001110
00000000000101110111101110111000
11111111111110100000111001110100
11111111111101101001101011100001
00000000000101010000011010001000
00000000000110110000100110111111
11111111011111000100001110100111
00000000001001010001011101111010
11111111110101101110100010010011
00000000111101010011100010000011
00000001010110101000110000111000
11111110100110011000111110010010
11111111101100010100001001010111
00000000001110000100110101001100
11111111111111001101111111100010
11111111110110001001000111101001
00000000001101110011011011010010
11111111111101100100100111001111
11111111111110000111011010111101
00000000000010111100001001001000
00000000000101010110000001101010
11111111111101000010010110101111
00000000000110001111010011100101
00000000000010000111100001101100
11111111111101110001010110101000
00000000000011010101001110000111
11111111111010101111000010110100
11111111111111110100001101110000
00000000000011111111001001110000
11111111111101000001110011011110
11111111111011010101011010100001
11111111111000110000110110001001
00000000001000111000011000111010
11111111111110000101111010101001
00000000000011001001000001111110
00000000000100111100111100101001
11111111110111101000001101111111
00000000001111101000111111110010
11111111110101110110001101011101
00000000000000110001000011100101
00000000001101000111000010010010
11111111111111000010110000011011
11111111111011001001101000001001
00000000000010011011111100001111
00000000000011001101111100110100
11111111111100000000110110011100
00000000000110111100110011001000
11111111111010001100110010010110
11111111111100011100100010010101
00000000000000100110010111110010
11111111010000111101001100100010
00000000001110110001100001001000
11111110010101011100000110100001
00000010000011110100110011100101
11111100111000001001111001001101
00000000011101110011000101110011
11111111101110011100010010111111
11111111111011110010000000101000
11111111110111010101001011001000
00000000011000111011011110011100
11111111101000111001110001001110
11111111111011010000100000101101
11111111111110010000100101001011
11111111111111101111000101011110
00000000001000001100111010000101
00000000001011000101011011010110
11111111111101101010010110010101
11111111110111101011011100110011
11111111111111001110011111010101
00000000001001011110110110101010
11111111111101101110110010000100
00000000001010110010010001100000
00000000000001001100000010101010
11111111111010011111010001010011
00000000000110101001001010011001
11111111110101001110010111011010
00000000010101011111001010111110
00000000001001100001010111110110
11111110100010101011100000100111
00000011011111110110000000101001
11111101111011001010111010101101
11111110000000011111010111010111
00000000001010010001100111111010
00000000000110000011111111010110
11111111110010010110011110111110
00000000010101011100110101111101
00000000000000110010100011110001
00000000000001001100111000001011
00000000000011110110111110001011
00000000000100001011011111100111
00000000000110110111001110001100
00000000000110110010110000010110
11111111111101010101011110011011
11111111110101111100010101010110
00000000000111110101011110100011
11111111110101001000100110110111
00000000000010110001001101010100
00000000000011011100011110110010
11111111110011001111110010110010
11111111111000110101101000001010
00000000010011100011111100000010
00000000000010101101111000011110
11111111111011110110100010001001
11111111111010100001000100100001
00000000001000010100100101110101
00000000001111001110001000101011
11111111101101011001111011100100
11111111111100010111111101100000
00000000000110111110111110001101
11111111111000000010100101110001
00000000000011000010011011101110
00000000010100010100010001000000
11111110100111100110001100100010
00000000000100001000101001001100
00000011101111110001000100100010
11111101110010110101111111101100
00000000010111110101110110111110
00000000001000100010010110110101
11111111110110010010011010001011
00000000000111011011111000000011
11111111111111101101011011111110
11111111110111111001000101100100
11111111110100011010110110101011
00000000001001110110011000100101
00000000001100010000001101000000
11111111111100001001010101100010
00000000000010001101111110011011
11111111111111111101101010001011
11111111111010011101100100000101
00000000000001011100100010001100
00000000000010011101100000100001
11111111101011101011010000101101
00000000001010000110100111111101
00000000000101001011000010111111
11111111110010101100011010011001
11111111110001000110001110101000
11111111111001000111101010100001
00000010000010001101110000100000
11111100111000111001110110100111
11111100111001110111100110010100
00000000000110001010101001101100
00000000100101101100000000011101
11111111010100100011000111111000
00000000100100110100010101111011
11111111110110011001000010101110
00000000000000001010001010010000
11111111111000011100101001001011
00000000001001101000010011110100
00000000001100110100001111010111
00000000001010100110100010000010
00000000001110001110111011011110
11111111101110101111101011111111
00000000000110010010101000111010
11111111111000001001101111001011
11111111111110111110001010011101
00000000000001010110101100110011
11111111101111010100000011111010
00000000001000000010111101010010
11111111111011111011111011010101
11111111111111000000100011000110
11111111111111011110100101111101
00000000001001001100100010000000
11111111111100001010011101010010
11111111011000001010111111001110
11111111111111010111010101100101
11111111111011000100101011011101
00000000000110000000010010001010
11111111101000001110101010110000
11111111100010101000111110010011
00000000010111101000101111101100
00000000000100011010000001010001
11111111010110010101111101101000
11111111001111100110111110000110
00000011110111011100100011011101
11111100010111111110110110010010
00000000001011000111101111110100
11111111110011110111010101001011
00000000001110010010110011000010
00000000001111001101000110101011
11111111111000100100010001010000
11111111110000110100111000111101
00000000000000001111010011010001
11111111111011000001000111101101
11111111101100011110001100000101
00000000010010110111110100011100
11111111101101100011010111100001
00000000000011100111110001101010
00000000001110100100111000011011
11111111111110100010101100001001
00000000000010100101000010110011
00000000001101100000010110000010
11111111110100001001101110000010
11111111110000110000011000101010
00000000010101010100111110000010
00000000110011000110011011001101
00000001001000100110101110100000
11111100100100010001110101010110
00000000001111101001001110011010
00000000010010110110011100000000
11111111100101011011000000011110
00000000001111100111011000111111
00000000010101110000110101000000
00000000001000001011001011000111
11111111101011101100110010010100
00000000001010110011000010001001
00000000001001101010010000100001
00000000010000100001100101010100
00000000000111000011110101010100
11111111111011110011111001111100
11111111111001101001011110110101
11111111110111011101111101001001
11111111111001011000011101010001
11111111111000001000001011011011
00000000000110001001111100101110
11111111111101111010101100110010
11111111110101100100111010000110
00000000001001101100111100111100
00000000000000110100111110010000
11111111111010101001011011100000
00000000000101101100110001011111
00000000010000001110010111001101
11111111110100110101111001100110
11111111111110101010010010101010
00000000000110100110110001000110
00000000001101001000010110101000
00000000000000001000100000101110
11111111110011100111010110110010
11111111111111010101111100001011
00000000000101111001101101110111
11111111111001110011001001101101
11111110011100101100011000000010
11111110110101010011010001000011
00001000000110010001111101111011
11111100111001000111001010001011
11111111111001101100011001100010
00000000010101010011100011110001
11111111101110011001111001011010
00000000000000100001000000000110
11111111111101101010100100000011
11111111111110110110000111111000
11111111110111010111100001000100
11111111111111011100100011100000
11111111111000100010100010110110
00000000000100111000010010011000
11111111111111111001011011001110
11111111111001110000000111000011
00000000001010111001100010110001
00000000000000111001100000101011
11111111111100001011000111110110
11111111111110101000100011101011
11111111100100000110011111110001
00000000000100101000001010111001
00000001100101110011111001001111
11111110100100011000010111100010
11111101001000101010010001110010
00000000101100000001011010111101
00000000001110110000101110001101
11111111111010111100110100100011
00000000011111111010000101011100
00000000001010101101101110110010
11111111111010010011000001000000
00000000001110000111110010000110
00000000000110011111101101100001
00000000000100000111000010101001
00000000010100100010111110000000
11111111101100000101011001010001
00000000000100011101101111000000
11111111110111111101001110000111
11111111110011101100110011010100
11111111110111011100001001010001
00000000000101000100110001010000
11111111111101111110001000000011
11111111110011111000111111111010
00000000001010011100000011001110
11111111101111011111111010010110
11111111111111111000111100001101
11111111111011000100111100110100
00000000000110011011110011100010
11111111111111001011101000100100
11111111110011010111000101010001
00000000010111111101011000011000
11111111111010001110001111101101
11111111110011011110010001111101
00000000001010000011101010100011
11111111111001000110000100010111
00000000001001011010100011001011
11111110111100001101101000011011
11111111010001001100111111101000
00000101101001111000011110001101
11111011101001101110011100011011
00000000101001001010100000000111
11111111110100100001001011001000
00000000000011010111101001110101
11111111111111101000111010011101
00000000000110001001110011100110
00000000000111011010111010111100
11111111101001001101110100110111
11111111111011010101010010111010
00000000000101011111011000110110
11111111100111110100100000010101
11111111111010001111100000110111
00000000000111001001110100110010
11111111110101011001000001100001
00000000001010000111110010001100
11111111101101110100011111110011
11111111110000101011110001011000
00000000001011111010100001111111
00000000001100010100001101101100
11111110110011000001010000000110
00000000100111000100100101110001
11111110001101001111011110001111
00000100011010100100011110100101
11111110110110000101010010110011
00000000000110111011011001111011
00000000000011001011001010000001
11111111111101010001111110111010
00000000010011011110110110010011
00000000011011000110010110000101
11111111110000101111111111010001
00000000000010001110110001010101
00000000000101101100010010100111
11111111110110111000001011001100
00000000000011000010001010000011
11111101111111111001000011111100
00001011000001101010101010001010
11111100010010000011011110010111
11111111011111010110111101000000
00000001001011111100111011001100
00000000011011111100111001111000
00000000010100111101001110010101
00000000101101001010110000110110
00000000011000100010010000000111
11111111101001111011000100101010
11111111100010011110010100110101
00000000001101001110110011000001
00000000000111011111100101011100
11111111010010111110001011010010
00000000101011100110111001000001
00000000000001000001011111000010
11111111100000110011101000001101
11111100011100101010010010011001
00001111011010100111011010010010
11111011100111100001100101001011
00000000011000101111111000011110
00000000000011111110011010111000
11111111100110100100111111011011
00000000011000010111000110011011
00000000000100001011101001101011
11111111111111011100101101111001
00000000010011011001100101100110
00000000001001010001001110101101
11111111011101001100111001011110
11111111001011011111111110100011
00001110111111100100100110101100
11110111100000100010100011010000
00000001100010100010110100111100
00000001010110001011010000101000
00000000001000011000110001001100
00000001010101010011111001001111
00000000110111101010110010000000
11111111001001000110100110101001
11111111000110011111011101110110
00000000000011100000011110011001
11111111110011011101100010101110
11111111110111101011000011001001
11111111011110011010000011111001
11111111111100000000100101100100
11111111110100011000011110111000
00000000111111101001011111111000
00000000000001100101011110000010
11111010101000000111101101101010
00001100111100110011101000000111
11111101101001001101011000101111
00000000010010010000101001010111
11111111100000011011100111101110
00000000001001110110111101101101
11111111111110010011011010110110
11111111110100110110111001111110
00000000001000100110111000010110
00000000000100100110110010110001
11111110110111110001101101011000
00000000011100000111001000111001
11110111010101000010000111000001
00000000100101001000110100000110
11111111011001101011111011110110
00000000111101111000111100101001
00000000010001000100100000011111
00000000111110000111010011111101
00000000101000110101111100110101
11111111011001100111110110011111
11111111100001101111100110000101
00000000001001111101000111010111
11111111111101101011000100110101
11111111111100101010111011000010
11111111111011001000000110011110
00000000000001111010100110101101
00000000001001111001101010010000
11111111110101101000011010111100
00000000011100111101010111011111
11111110110100101101001100100000
00001100111001111110100010011001
11111011000010000011111100001001
00000000011011100001010101011110
11111111111001111001011100000010
00000000000001011111111010110110
00000000001101000011111101000101
11111111111111010000101110110110
00000000000001110001111110110101
11111111111011010100000111110110
11111111011110001010010011111000
00000001101011011100000000100100
11110011101010111111111000100100
00000001000010101001110101101110
00000001100000101111100101101011
00000000001010101001111010000110
00000000011001001111111010110110
00000001010011101100000010101010
11111111111110000110100100100010
11111111010011110111100111001110
11111111101101111010001000101111
00000000000001100110000001100111
11111111110110011011111101010001
11111111111101110001101101110100
00000000000000100011101110100101
00000000101011000101011011111111
11111111011111001000110010100010
00000000000000110111011010000001
11111111101010100011111100001111
00000110101001000100100101010110
11111010010001010011101001101111
00000000001101111111000000111111
11111111111111001000011110011000
11111111111000110101101111001010
00000000000000000001011110011100
00000000010011111010000010110101
00000000000111100110000010101101
00000000001011110000101000011111
00000000010010011110111100010111
11111110100000101100011111100110
00000001000111000110110001001001
11111111100001010000000010101000
00000011100101101000011101010100
11111101101101101111011111001101
11111010110101100000101010110010
11111011100100011001010011100101
11111100011010011110101110000000
11111110011111010010000101001011
00000000101011001101111011000101
11111111101001011001010111011111
11111110000100011001101001100111
11111100011001011010011011011110
11111010111111001100011101101011
11111011100100100111100000000101
11111010101010001101111000100000
11111110011100010000010011010100
11101001010100011100010101010110
11101001110110111111101001000010
11111010000001100000000000101110
00000011010101100010100000011011
00000111011001100101000011110011
00001001101011001001010100111000
00000111011011010000000010001010
00000001100100100011010110101101
11111101001100001000001110010101
11111100000110010101100011001110
11111011111111110000111111101111
11111011100011110101010101000111
11111100010100110101000001110011
11111100010010001000100010011111
11111011111110111101001110000100
11111010111010011111110110010100
00000100110110101111100101111110
00000110001101110101010110100001
11110111111111000111110100111100
11111001101001011101100010001101
11111010011101011001010011111100
11111011110001001011101010011000
11111100110101110001001011101010
11111110010000010111000111000111
11111110001010100001110001001111
11111101101110100011101010111111
11111101000110100010001000011011
11111100110010111100111111001011
00000110010011100001011001100001
11100010001110110011001110000101
11100011010011111010100001000011
11111001110101101111011011001000
00001000001000001111110101011000
00010000010110100011100111010110
00010011110110001010110110011101
00001100010011111111000111100001
00000011001000111000101011011101
11111111101101100110001000010011
11111110001010101100000101100101
11111101011100010111001111110001
11111100100100011010000101000000
11111100111100001110010001101000
11111101101100000000100111100111
11111101001101110000110000010111
11111100110001000100110110000000
11111010010010111111111000100010
00001001001010001110100011000110
00000000001001101101001111001010
11110110101001110001101010101100
11110110111011100000000001010111
11110111001011011110100000001010
11110111100111001110010110001011
11111000101010010100001011101010
11111001100011010011000101100111
11111001001100001111011110100010
11111000001001111001110110100011
11111001011100100011000000000000
11111011010010100011100110000100
11010101001000111001100011110110
11101011001011110111011111101010
11111100011110111000101000101100
00000110100011000010111011000101
00001100100011010001011001111001
00001100011101011001110010111111
00000100010111010101110001010001
11111101001101100001001000100111
11111011000100010110111001111011
11111010011110101011111110110000
11111010011010000010100101001101
11111010001110110101011111011000
11111010010001010111101001010010
11111010101000111001100001100000
11111100010100110100010010010111
11111011001001100010111000001010
11111010100010001110100001010000
11111111110011110110100111110010
00000111101101010000000010101100
11110111011000010011001001111011
11111000101100101110111110101010
11111001100011110111100010010111
11111001111010110100001100000010
11111011000001111011111101010101
11111100101111011010000011111111
11111100111110101101000000101001
11111100000010000111111000011011
11111100110111100101001101010100
11111101011000111110011010100101
11010100110001010011011011100010
11101111010000100001001101000100
00000011000000101010000010101111
00001011011010001011001100000001
00010010000011101101010111011111
00010000110101111010100101000011
00000110101010101100000101010010
00000000000111001001001100011111
11111110001001101100111010100010
11111101110010100101111101110001
11111100111100101010010011100110
11111100010101111011000010001100
11111100001100110011001011101000
11111100101110000011100000010010
11111100000000101001110001110011
11111011001000011000001001100010
11111101001100010011010000001000
00001010100010001110001000001111
11110111000110111111110000101101
11110111111110010000010110001100
11111000101011010101000011000111
11111001011011100101000000010000
11111010010010111100010011000111
11111011010010100001000111000101
11111011100001111011010110101111
11111011001100001111101010100000
11111010011011111011110111001001
11111011110110101000010011111011
