00000001000011010110110010011011
00000000000000000000000000000110
00000000000000000000000000000110
00000000000000000000000000000110
00000001010110110000001001101010
11111111011100000010011101111111
11111111100110101001011111110000
11111111111101101000010000010110
00000000000010110100010101000000
00000000000101100111000010010101
00000000000001111011001010101100
00000000000000101101000101010101
11111111111011000000000000100100
11111111111011000110000011000110
11111111111100100110010000000110
11111111111001110001111011001101
00000000000010101000001111111010
11111111111111001110011111111010
11111111111000101110010011011000
00000000000010010001101101010010
00000000000010011101110010011000
11111111111001000100110101111101
11111111111111011000111101011010
00000000000010010001101101010010
11111111111111101001011101011111
11111111111101101110010010111010
00000000000000010000100000001010
00000000000110010100000111100011
00000000000011010101010101001000
11111111111100001110000101111010
11111111111100000011101000011010
00000000000010101000001111111001
00000000000111001011101010010010
11111111111101010111110000010011
11111111111001000100110101111101
00000000000000110011000111110111
00000000000000111101100101011000
00000000000010101000001111111001
11111111111110111100011000010000
11111111111110011011011000001000
00000000000000100111000010110010
00000000000001010100001000000000
11111111111111000010011010110011
11111111111111111001111101100010
00000000000010000111001111110001
11111111111100101010101011000100
11111111111100110000101101101000
00000000000011101011110111101111
11111111111011000110000011000110
00000000000000100111000010110010
00000000001000001111010010001000
11111111111101010001101101110000
11111111111110000100110101100001
11111111111111011000111101011011
11111111111010011111000000011100
11111111111110011011011000000111
00000000000001101010101010100111
11111111111110101011111000001101
00000000000001010100001000000000
11111111111101000001001101101011
00000000000000010110100010101101
00000000000010010001101101010001
00000000000001010100000111111111
11111111111100000011101000011001
11111111111101101110010010111010
00000000000000000110000010101001
00000000000011100101110101001100
00000000000010111000101111111101
11111111111111101001011101011110
11111111111001011011011000100101
00000000000000011100100101010001
00000000000001101010101010100111
11111111111111100011011010111100
00000000000010101000001111111010
11111111111110010101010101100110
11111111111101011101110010110110
11111111111100001001101010111011
11111111111010011111000000011100
11111111111110011011011000001000
00000000000010000001001101001101
11111111111110010101010101100100
11111111111001001010111000100010
00000000000010101000001111111010
00000000000000111101100101011001
11111111111011110011001000010101
11111111111111011000111101011011
00000000000011001111010010100101
11111111111100011010001011000001
00000000000101111101100100111100
00000000000011110110010101010001
11111111111111111001111101100011
00000000000010100010001101010111
00000000000010010001101101010010
11111111111111101001011101011111
11111111111111010010111010110111
00000000000111010001101100110101
00000000000000000000000000000101
00000000000000001010011101101000
00000000000010101000001111111010
00000000000000000000000000000110
00000000000011111100010111110011
11111111111100011010001011000000
11111111110010011010001011111011
00000000000000110111100010110101
11111111111111011110111111111110
11111111111101000001001101101100
00000000000111111000101111100000
00000000010010011011010110010011
00000000011010001001101000001100
11111111101100000001101001100000
11111111111011010000100000100111
11111111101011110101100100011001
11111111101111011011011001100000
11111111111000111110110011011100
11111111111011011100100101101101
11111111111000111000110000111000
00000000010010010101010011110000
11111111111100001001101010111011
00000000000000111101100101011001
11111111111011101101000101110001
00000000000000111101100101011001
00000000000101100000111111110010
00000000000001001110000101011100
11111111111100110000101101100111
11111111111110011011011000001000
11111111111011011100100101101110
11111111111100000011101000011010
11111111111100001001101010111011
00000000010101111001100001010010
00000000010010000011000100101100
00000100001101011011001001010100
00000100001101011011001001010100
00000100001101011011001001010100
00000100100100101010110101101111
00000001100010101111011001111101
11111100011100111111010110010101
11111011110011101000000010111011
11111101000000001101010100001001
11111101100011010100011111010100
11111101101001011000000110101100
11111101100001010110100001010101
11111101000011110110011000011001
11111100111111010001010110011011
11111101010010100010100111110100
11111101001011110111111101110000
11111101011011110110101101100000
11111101111100100011010101100010
11111101100000100111110100100010
11111101100100110111011111101101
11111110000101000111100010100110
11111101101101101011000001000001
11111101100011000011111111001111
11111101101001000101111111000011
11111101110001011111101110100110
11111101110111010001001110010110
11111101111110001111001011111000
11111110011111101011101100100001
11111110100001000011000011100110
11111101110110100101110000101100
11111101101111000111111110111000
11111101111111111001110110011000
11111110011011000010001111100110
11111110100101101111010011111010
11111110011010000100101010010100
11111110101110101000011100000001
11111110111001100100011000110100
11111111000101100011111101011100
11111111000111011001000101011110
11111111010010011011000100110110
11111111010100011010101010011001
11111111100110011100001110110101
11111111110010110010010110000101
11111111110110110111100011101111
00000000010101110111111001101101
00000000001101011110001010001010
00000000001111100011110010010000
00000000011011100011010110110111
00000000011000100110001100000011
00000000001110001001100111110011
00000000100010000001111011110111
00000000011001100011110001010110
00000000001110111000010100100101
00000000000111100010001100111010
11111111111100000101001111111110
11111111101110110001100011011011
11111111101001010110100110010010
11111111011111110100110011111011
11111111010011100100101111001101
11111111001000010010001111110010
11111111000100111100111010110001
11111111000110111000000101010110
11111111001000000001101111101110
11111110111100011110110000010001
11111110110100110110100000111010
11111110111011110001101011000001
11111110110101011001001000101000
11111110101100011110011000111100
11111110100000000011110110101110
11111110001101100101101101000110
11111110001100010001100101001110
11111110000110101100001010100011
11111101110101101100100110011000
11111101111100011011101011011010
11111101111110000110010101111010
11111101111110111001011101101101
11111101110100011010000110000011
11111101100100100100001100001111
11111101011110111101001010000001
11111101100001010100111001110000
11111101011001000001001100110000
11111101010000111101111111110100
11111101001111010001101101101110
11111101100001000010110010001000
11111101101011001101001110101111
11111101101010110000101001100100
11111101110001000011001001011100
11111101111100001011001011010110
11111101111111110001000000011100
11111101111000010000011011001100
11111101100111110011011110101110
11111101100000011011101111011100
11111101101010100000001001100001
11111101101011001101001110110000
11111101101001101101000001101111
11111101111000011010111000101110
11111101101101000101100101111010
11111101000110101001000101101101
11111101000111111101001101100111
11111101000010010111110010111110
11111100110100000010000110001010
11111100011011010011000100010001
11111011110011001010010001111101
11111100010101010110001111100000
11111110000100001101111100100000
11111111001110011110010001011000
00000000101001100010000101010101
00000010000001110010011011111010
00000001000011000000010111001110
11111011111111100100001011100100
11110101111000001000110111101001
11110001100011000000101000010111
11101110100111100011001110010110
11101101111110111010100111110010
11101110111111111000000010110000
11110000011000101111110000010010
11110011001011010000010111010001
11110100101101011011110110001100
11110100111110000111101011001010
11110101011111010110011111001010
11110110001101001010010010111001
11110111001111110011111111111101
11111000010010111010010010001110
11111001010100001011011100011011
11111010001100111100110100100001
11111011000011011100011111011110
11111011111110010111111010101001
11111101010010101100101001100101
11111110101110010001011101101011
