00000010111110100000101111101000
00000010111110100000101111101000
00000010111110100000101111101000
00000010111110100000101111101000
00000010111110100000101111101000
00000010111110100000101111101000
00000010111110100000101111101000
00000010111110100000101111101000
00000010111110100000101111101000
00000000001010111000101110100110
11111110001101101100010110100111
11111101001100010111111110111110
11111100110110100110100001110000
11111101001001101001110011010100
11111101100100110111100111110110
11111110000010110011101000000001
11111110001010111110001010111110
11111110010011001000101101111011
11111110011000100101000101001110
11111110010011001000101101111011
11111110010011001000101101111011
11111110001101101100010110100111
11111110000010110011101000000001
11111101110111111010111001011010
11111101110101001100101101110000
11111101111010101001000101000011
11111101111101010111010000101101
11111110001010111110001010111110
11111110000000000101011100010111
11111110000010110011101000000001
11111110000010110011101000000001
11111110010000011010100010010001
11111110011110000001011100100010
11111110100110001011111111011111
11111110010101110110111001100101
11111110001101101100010110100111
11111110001010111110001010111110
11111110010101110110111001100101
11111110100011011101110011110101
11111110101011101000010110110010
11111110100000101111101000001011
11111110010101110110111001100101
11111110001101101100010110100111
11111110010011001000101101111011
11111110010011001000101101111011
11111110010101110110111001100101
11111110011011010011010000111000
11111110011011010011010000111000
11111110011110000001011100100010
11111110100000101111101000001011
11111110100000101111101000001011
11111110100110001011111111011111
11111110110011110010111001101111
11111110111110101011101000010110
11111111000001011001110100000000
11111110111001001111010001000011
11111110101011101000010110110010
11111110011000100101000101001110
11111110011000100101000101001110
11111110011011010011010000111000
11111110011110000001011100100010
11111110101000111010001011001001
11111110110011110010111001101111
11111110111001001111010001000011
11111111000100000111111111101010
11111110111110101011101000010110
11111110111001001111010001000011
11111110111001001111010001000011
11111110111011111101011100101101
11111111001100010010100010100111
11111111001100010010100010100111
11111111001111000000101110010001
11111111010100011101000101100100
11111111010111001011010001001110
11111111011001111001011100110111
11111111010111001011010001001110
11111111011100100111101000100001
11111111100010000011111111110101
11111111011111010101110100001011
11111111100010000011111111110101
11111111101010001110100010110010
11111111101111101010111010000101
11111111110101000111010001011001
11111111110111110101011101000010
11111111110111110101011101000010
11111111111010100011101000101100
00000000001000001010100010111101
00000000010011000011010001100100
00000000001101100110111010010000
00000000001000001010100010111101
00000000001000001010100010111101
00000000001101100110111010010000
00000000001101100110111010010000
00000000010101110001011101001101
00000000010101110001011101001101
00000000010000010101000101111010
00000000001000001010100010111101
00000000001010111000101110100110
00000000010011000011010001100100
00000000011000011111101000110111
00000000011011001101110100100001
00000000001101100110111010010000
00000000001010111000101110100110
00000000001010111000101110100110
00000000000101011100010111010011
00000000000101011100010111010011
00000000000000000000000000000000
11111111111101010001110100010110
11111111110010011001000101101111
11111111110101000111010001011001
11111111101111101010111010000101
11111111101111101010111010000101
11111111101100111100101110011011
11111111100111100000010111001000
11111111100010000011111111110101
11111111011111010101110100001011
11111111011100100111101000100001
11111111010111001011010001001110
11111111010100011101000101100100
11111111010111001011010001001110
11111111010111001011010001001110
11111111010111001011010001001110
11111111011001111001011100110111
11111111010111001011010001001110
11111111010100011101000101100100
11111111001111000000101110010001
11111111001001100100010110111101
11111111001100010010100010100111
11111111001100010010100010100111
11111111010001101110111001111010
11111111001100010010100010100111
11111111001001100100010110111101
11111111001001100100010110111101
11111111000001011001110100000000
11111111000001011001110100000000
11111110111001001111010001000011
11111110110011110010111001101111
11111110101110010110100010011100
11111110101000111010001011001001
11111110110001000100101110000110
11111110101011101000010110110010
11111110101000111010001011001001
11111110100011011101110011110101
11111110011011010011010000111000
11111110100000101111101000001011
11111110100011011101110011110101
11111110100110001011111111011111
11111110100011011101110011110101
11111110100011011101110011110101
11111110100110001011111111011111
11111110011110000001011100100010
11111110011110000001011100100010
11111110010011001000101101111011
11111110010011001000101101111011
11111110001010111110001010111110
11111110010000011010100010010001
11111110001101101100010110100111
11111110010000011010100010010001
11111110001101101100010110100111
11111110001000001111111111010100
11111110000101100001110011101010
11111110000101100001110011101010
11111101111101010111010000101101
11111110000101100001110011101010
11111110001101101100010110100111
11111110010000011010100010010001
11111110010101110110111001100101
11111110011000100101000101001110
11111110010011001000101101111011
11111110011000100101000101001110
11111110011000100101000101001110
11111110011011010011010000111000
11111110100011011101110011110101
11111110100011011101110011110101
11111110100000101111101000001011
11111110100110001011111111011111
11111110100110001011111111011111
11111110011011010011010000111000
11111110011011010011010000111000
11111110010000011010100010010001
11111110010000011010100010010001
11111110001101101100010110100111
11111110010101110110111001100101
11111110010101110110111001100101
11111110011000100101000101001110
11111110010101110110111001100101
11111110010101110110111001100101
11111110010101110110111001100101
11111110011011010011010000111000
11111110100000101111101000001011
11111110100000101111101000001011
11111110010011001000101101111011
11111110000101100001110011101010
11111101110111111010111001011010
11111101111101010111010000101101
11111101111101010111010000101101
11111101111101010111010000101101
11111101110111111010111001011010
11111101110010011110100010000110
11111101101101000010001010110011
11111101100111100101110011011111
11111101011001111110111001001111
11111101001001101001110011010100
11111101000001011111010000010111
11111101000110111011100111101011
11111101100100110111100111110110
11111110010000011010100010010001
11111110110110100001000101011001
11111111001100010010100010100111
11111111100111100000010111001000
00000000000101011100010111010011
00000000101000110100101110110001
00000001001100001101000110010000
00000001011111010000010111110100
00000001001001011110111010100110
00000000011000011111101000110111
11111110101011101000010110110010
11111100011000101010100001100110
11111001111101100010001001011100
11111000001101111100101011101101
11110110101110101100010011111001
11110101010100111000010011011001
11110100001000101011001101001000
11110011100010100100101010000000
11110011001100110011001100110011
11110011010100111101101111110000
11110011101010101111001100111110
11110100001011011001011000110010
11110100100110100111001101010011
11110101001100101101110000011011
11110110001011010011111100011011
11110111010010000100101011011000
11110111111010111001011010001001
11111000000101110010001000110000
11111000000101110010001000110000
11111000010000101010110111010111
11111000011110010001110001101000
11111000101001001010100000001110
11111000110110110001011010011111
11111001001100100010110111101101
11111001100101000010100000100100
11111001111010110011111101110010
11111010011000101111111101111101
11111010101001000101000011110111
11111011000100010010111000011000
11111011011010000100010101100110
11111011101010011001011011100000
11111100000010111001000100011000
11111100010011001110001010010010
11111100101000111111100111100000
11111100111001010100101101011010
11111101010100100010100001111011
11111101101111110000010110011101
11111110010011001000101101111011
11111110101011101000010110110010
11111111001111000000101110010001
