00000001000011010110110010011011
00000000000000000000000000000110
00000000000000000000000000000110
00000000000000000000000000000110
00000001010110110000001001101010
11111111011100000010011101111111
11111111100110101001011111110000
11111111111101101000010000010110
00000000000010110100010101000000
00000000000101100111000010010101
00000000000001111011001010101100
00000000000000101101000101010101
11111111111011000000000000100100
11111111111011000110000011000110
11111111111100100110010000000110
11111111111001110001111011001101
00000000000010101000001111111010
11111111111111001110011111111010
11111111111000101110010011011000
00000000000010010001101101010010
00000000000010011101110010011000
11111111111001000100110101111101
11111111111111011000111101011010
00000000000010010001101101010010
11111111111111101001011101011111
11111111111101101110010010111010
00000000000000010000100000001010
00000000000110010100000111100011
00000000000011010101010101001000
11111111111100001110000101111010
11111111111100000011101000011010
00000000000010101000001111111001
00000000000111001011101010010010
11111111111101010111110000010011
11111111111001000100110101111101
00000000000000110011000111110111
00000000000000111101100101011000
00000000000010101000001111111001
11111111111110111100011000010000
11111111111110011011011000001000
00000000000000100111000010110010
00000000000001010100001000000000
11111111111111000010011010110011
11111111111111111001111101100010
00000000000010000111001111110001
11111111111100101010101011000100
11111111111100110000101101101000
00000000000011101011110111101111
11111111111011000110000011000110
00000000000000100111000010110010
00000000001000001111010010001000
11111111111101010001101101110000
11111111111110000100110101100001
11111111111111011000111101011011
11111111111010011111000000011100
11111111111110011011011000000111
00000000000001101010101010100111
11111111111110101011111000001101
00000000000001010100001000000000
11111111111101000001001101101011
00000000000000010110100010101101
00000000000010010001101101010001
00000000000001010100000111111111
11111111111100000011101000011001
11111111111101101110010010111010
00000000000000000110000010101001
00000000000011100101110101001100
00000000000010111000101111111101
11111111111111101001011101011110
11111111111001011011011000100101
00000000000000011100100101010001
00000000000001101010101010100111
11111111111111100011011010111100
00000000000010101000001111111010
11111111111110010101010101100110
11111111111101011101110010110110
11111111111100001001101010111011
11111111111010011111000000011100
11111111111110011011011000001000
00000000000010000001001101001101
11111111111110010101010101100100
11111111111001001010111000100010
00000000000010101000001111111010
00000000000000111101100101011001
11111111111011110011001000010101
11111111111111011000111101011011
00000000000011001111010010100101
11111111111100011010001011000001
00000000000101111101100100111100
00000000000011110110010101010001
11111111111111111001111101100011
00000000000010100010001101010111
00000000000010010001101101010010
11111111111111101001011101011111
11111111111111010010111010110111
00000000000111010001101100110101
00000000000000000000000000000101
00000000000000001010011101101000
00000000000010101000001111111010
00000000000000000000000000000110
00000000000011111100010111110011
11111111111100011010001011000000
11111111110010011010001011111011
00000000000000110111100010110101
11111111111111011110111111111110
11111111111101000001001101101100
00000000000111111000101111100000
00000000010010011011010110010011
00000000011010001001101000001100
11111111101100000001101001100000
11111111111011010000100000100111
11111111101011110101100100011001
11111111101111011011011001100000
11111111111000111110110011011100
11111111111011011100100101101101
11111111111000111000110000111000
00000000010010010101010011110000
11111111111100001001101010111011
00000000000000111101100101011001
11111111111011101101000101110001
00000000000000111101100101011001
00000000000101100000111111110010
00000000000001001110000101011100
11111111111100110000101101100111
11111111111110011011011000001000
11111111111011011100100101101110
11111111111100000011101000011010
11111111111100001001101010111011
00000000000111101000001111011100
11111111111110110001111010101111
11111111111111010010111010111000
00000000000101010000011111101101
11111111111100000011101000011001
11111111111100001001101010111011
00000000000011111100010111110011
11111111110111100000001110000001
11111111111101110100010101011101
00000000000000010110100010101101
11111111111011110011001000010100
11111111111111000010011010110011
11111111111110110001111010101111
11111111111111011000111101011100
00000000000110110101000111101011
11111111111101000001001101101011
11111111111000011101110011010100
00000000000010010111101111110101
00000000000001101010101010100110
11111111111011011100100101101110
11111111111100000011101000011001
00000000000010000111001111110001
11111111111110010101010101100100
11111111111100110000101101101000
11111111111100100000001101100011
11111111111100001001101010111100
00000000000011111100010111110011
00000000000100111001111101000101
11111111111110001111010011000001
00000000000101100111000010010101
11111111111110101011111000001100
11111111111000110100010101111001
00000000000000000000000000000110
00000000000011101011110111101111
11111111111010001000011101110101
00000000000010010001101101010010
11111111111100101010101011000101
00000000000101010110100010010000
00000000000100100011011010011111
11111111111110111100011000010001
11111111111011010110100011001010
00000000000001101010101010100110
00000000000100111001111101000111
11111111110000111011100110011111
00000000000101010110100010010001
00000000000011100101110101001100
11111111111000000111010000101100
00000000000100010010111010011010
11111111111111101111100000000001
00000000000000100001000000001111
00000000000011001111010010100101
00000000000001010100000111111111
11111111111011000110000011000111
00000000000010111110110010100001
11111111111110100101110101101001
11111111111101010111110000010011
00000000000010101110010010011100
11111111111101011101110010110110
11111111111100010100001000011101
00000000000010000001001101001110
11111111111010001000011101110011
11111111111110110001111010101111
00000000000001010100000111111111
00000000000100000010011010010111
11111111111000000001001110001001
11111111111111000010011010110100
11111111111101011101110010110101
11111111111101011101110010110110
11111111111111011000111101011010
00000000000000000000000000000110
11111111111110011011011000001001
00000000000001100100101000000100
11111111111110101011111000001100
11111111111110001010111000000100
00000000000001001110000101011101
11111111111111011000111101011010
11111111111101111110110010111101
00000000000001100100101000000100
00000000000011111100010111110011
00000000000011001111010010100101
11111111111111010010111010110111
00000000000000111101100101011000
00000000000000000000000000000110
00000000000000000000000000000111
00000000000101010110100010010000
11111111111000011101110011010011
11111111111111101001011101011111
00000000000101100000111111110001
11111111111111010010111010111000
00000000000001111011001010101100
00000000000010101000001111111010
11111111111111111001111101100100
00000000000000000000000000000110
00000000000000101101000101010100
11111111111110010101010101100101
00000000000011100101110101001100
00000000001000110110010100110011
11111111111010101001011101111100
11111111111111101001011101100000
00000000000001101010101010100111
11111111111101010111110000010010
11111111111111101001011101011110
11111111111011011100100101101101
11111111111110100001011010101010
11111111111101000001001101101100
00000000000000011100100101010001
11111111111100011010001011000000
00000000000100010010111010011011
11111111111011110011001000010110
11111111110100111100011001001011
11111111111101010001101101110000
11111111111101000111010000001110
00000000000001100100101000000011
11111111111011011100100101101110
11111111111110111100011000010000
11111111111011001100000101101000
00000000010100101101000011011111
00000000010011001000011011100010
00000000101001001110000001110100
11111111011101011000001101011101
11111111100110100011011101001110
11111111101111011011011001100000
00000000000001001000000010111010
00000000000110000011100111011111
11111111111111101001011101011110
00000000000111001011101010010010
00000000000110001110000100111111
11111111111100010100001000011100
00000001000000011110000010100011
11111110001100111110011100001001
00000000100000100001111100111000
00000001100101111000001111100100
11111110000111101101011111011111
00000000000100110000111110010100
00000000001010100011111001000101
11111111110110101111100000001111
00000000001001011100001010101111
11111111110100111111101110010000
11111111111000010011100111011100
00000000010111010001100110110101
11111111110110010011010100110001
00000000000000111101100111110000
11111111110011000011101100111100
00000000011001010100001111100101
11111111101111110000110011001011
00000000000110100110000001000001
11111111110011010101001101000011
00000000000000101111000010010100
11111111111100110111110001101001
11111111111001011011010101110100
00000000000100101110011110011010
00000000001111100011000101100000
11111111111001110110111100101010
00000000000101100011010110000001
00000000001001110001001010001001
11111111111110101011010000010011
00000000000001011011010111010000
00000000000000111101100111110000
11111111111111111000110100000100
11111111111100011011100110001101
00000000000110001110111000111011
11111111111000011101101110001010
00000000000010111100100011110011
00000000000011011000001010100111
11111111111111110101111001011010
11111111110110000001000010101000
00000000000001000100110011110000
00000000000100000010111011100001
11111111111010110100100100010011
00000000000001010000011110100001
11111111110101110001111000100011
00000000000110000110111010111001
11111111111100110010101110010010
00000000000110010101100000010110
11111111111100110001010111101010
00000000000010010001000000110111
11111111111000011100111100001000
00000000010000011101110010011110
11111111111110001011111100110011
00000000000110001001110101100101
11111111011110000110001111000011
00000000000111110000101010000011
11111111111111001011011111101101
00000010010001011011110001001101
11111111010001100110001010111010
11111110101101011111000010001100
11111111100110110010011000000011
00000000011011001100100100001101
00000000000010100011100000011010
11111111110100010011100110101110
00000000000000110100110111101101
00000000000010001100101111100001
11111111110011001010010100010011
00000000001001110000011000001000
11111111111101000111001001001001
00000000000110110101111101000101
11111111111110011001110000001110
11111111111100100010001101100111
00000000000100000000000000110011
00000000000110010001000001100101
11111111111111011101001101001110
11111111110110001111101000000011
00000000001000101111000011110001
11111111110011111101000011001111
00000000000010110000111001000001
00000000000100000000000000110100
11111111111100111000100011101010
11111111111011001110100111000101
00000000001011001011101111010011
11111111110001001011011000010001
00000000001000100010110100011010
11111111110111010111111011000001
00000000001100011010000101000011
11111111110010111010011000001110
00000000000110101110110001000111
11111111110100011011000000001010
00000000000000000010111010110011
00000000001101110011010011100001
11111111111010100110110000111000
00000000000001001011011011001010
11111111111000100001111111100000
00000000001000000010001010001101
11111111110010010100101010101101
00000000000010111101111010011011
11111111111110011101001111100000
11111111111000010111111000110010
00000000000011001101110110100000
00000000000001000110010111110101
00000000000101111001111001100000
11111111111111001000110010011100
11111111110110011011110111011100
11111111111000110110011010010100
00000000000100001010000111100001
00000000000000111011011111000101
00000000000000111101100111110001
00000000010001110111000000111110
11111111101111100100100011110011
00000000000010110011110011101101
00000000000101001110010110100101
11111111111110000011111110110001
11111111111101111001000110000001
00000000001101111100000011100111
11111111110010101110001000111000
00000000000001001011011011001100
11111111111101110010011110100111
11111111111001101010011111111000
00000000000001010010100111001100
00000000001100111101000101010011
11111111010010011111011101101010
11111111110100111101100101100110
11111111101111110111111111001011
00000000110011110011011111010011
00000010100111111010010001110011
11111101110110010101010111010110
11111110110111000010100010101010
00000000001101101010100011011110
00000000010010010001000011110000
11111110001010111100000000110011
00000000011111001000101110011010
11111101101000110101010000101001
00000010111011000000011111011111
11111011100100011111111001010001
00000000101010010001011010000001
11111111100111000101111010001011
11111111111010000000111111010101
11111111110011101100111010111010
00000000100011010111010110010011
11111111011111001110111110010111
11111111111001010001011101111111
11111111111101100001111100000111
11111111111111101000000000010011
00000000001011101000101000101011
00000000001111101110011001011000
11111111111100101011101101000110
11111111110100001100100001010110
11111111111110111001110000111001
00000000001101011100111000101100
11111111111100110001111111100100
00000000001111010011001110011000
00000000000001101011110111110101
11111111111000001011100111011001
00000000001001011011001000101111
11111111110000101101101011100101
00000000011110011110110100101111
00000000001101100000011101010100
11111101111011100111011001011001
00000100111101100010111100011010
11111101000011100100010100101110
11111101001011000111010010001110
00000000001110100100111010000110
00000000001000100110011001110111
11111111101100101000110100110110
00000000011110011011100001010011
00000000000001000111101110010000
00000000000001101101000011110001
00000000000101011110010110101011
00000000000101111011011101111011
00000000001001101111000101001101
00000000001001101000101111101110
11111111111100001110000101111001
11111111110001101110111001000010
00000000001011000111011001011001
11111111110000100101100000110001
00000000000011111011011000110100
00000000000100111000110001100111
11111111101101111010000111111110
11111111110101110101101111111111
00000000011011110000000000010010
00000000000011110110101010111001
11111111111010000111011010000100
11111111111000001110001010110100
00000000001011110011100010010110
00000000010101100101111010011010
11111111100101100111110000101110
11111111111010110110110100111111
00000000001001111010000100110101
11111111110100101101010110010010
00000000000100010011110100101100
00000000011100110100100100000000
11111110000010100101110011111101
00000000000101110111011011001000
00000101010100001000100101101010
11111100110111110000010100011001
11111110010010111101010000110101
00000001001001101100011000000001
11111111010111011111101010011001
00000100001010111010111111010111
00000101000001101100111010011011
11111001111110001011111101111110
11111010010110000100110111101001
11111011000011000110100110001111
11111011011100001111101101100111
11111011100110010111011010101001
11111100001100110101100000000110
11111100100010011000101100110000
11111101101101111100111001100101
11111110110011000001111100010011
00000000010001000000000001110101
00000000101111000100111001100110
00000000100001001101101001001011
11111111001111100001100111010010
11111110010001100111111011101001
11111101111011001101110001010101
11111100111100010100010111101010
11111100000001101101111011110101
11111011100011010100001001000111
11111010101100101000110001011011
11111011001100011101001010101110
11111011101111111001001000011001
11111011010110110101111111001111
11111011000101000101110011111100
11111000110101011010011001001110
11111100111111110001001001101001
11111101101110110111000011010000
11011110111111111100111111010000
11100101010011001110111100110100
11101100100110010101110101100101
11110100000010101100001101000100
11111100111100011100001111000010
00000001101101101011011010101100
00000100000110101100101101000111
00000110100101101011111100101011
00000111110000111110010100000010
00001001001111010110111110001000
00001001101011000100100011001110
00001000111011100100111010111110
00000110011011100011111101111011
00000011111101001011010010010100
00000000010110010010011000000101
11111110001111111101010110111100
11111100110000100110101000100100
11111011110110010010010011010001
11111100001000110001010111001001
11111100001111011000101000101011
11111011110010010100001101001010
11111011111100111111011100100111
11111011100111000000011011110010
11111011000111000101000011011010
11111100101110000100111101010010
11111101000101110100000000000011
11111011110010101100101001011000
11111100001011001100100101111110
11111100000011110110101111111100
11111011010011111110010010110110
11111100001010100101000000001000
11111010101010011111110000000110
00000100001110100011011001011101
00011000111001101010110110111001
11111101010100010001101100111101
11110110100111011100110100000101
11111011101100111110010000010111
