00000000000000000011010001000010
11111111111111111110010111100001
11111111111111000110101000000101
00000000000000001110101110001010
00000000000110111110111000010001
11111111111111000111001001001010
11111111100000001101010010001100
00000000000101111000100011001100
00000001100111110001000000111111
11111111100110011000110011011111
11111100000001101000001110100001
00000000100111111000111001101111
00000100001000110111110110100001
11110111011011010001100101110101
11111011100100110001001001011001
00110010110101001110110010011110
01100000110101011100111110010000
00111100110110000000100001110111
11111001000101010011001010010100
11101011100100100111101110101000
00000011111011101010101110010111
00001001111111010010010011110101
11111111100011001111100110101101
11111100110011100101100100011000
00000000001011001000111100110100
00000000111000110101011000101000
11111111111110001011100011000000
11111111110101000010000111111111
00000000000000010011001010111100
00000000000001010110101111110011
11111111111111111101001010111011
11111111111111111010010101101011
