00000000000000000101101010010100
11111111111111111101001010111011
11111111111110101001010000001100
00000000000000010011001010111100
00000000001010111101111000000000
11111111111110001011100011000000
11111111000111001010100111010111
00000000001011001000111100110100
00000011001100011010011011100111
11111111100011001111100110101101
11110110000000101101101100001010
00000011111011101010101110010111
00010100011011011000010001010111
11111001000101010011001010010100
11000011001001111111011110001000
01100000110101011100111110010000
11001101001010110001001101100001
11111011100100110001001001011001
00001000100100101110011010001010
00000100001000110111110110100001
11111111011000000111000110010000
11111100000001101000001110100001
00000000011001100111001100100000
00000001100111110001000000111111
11111111111010000111011100110011
11111111100000001101010010001100
00000000000000111000110110110101
00000000000110111110111000010001
11111111111111110001010001110101
11111111111111000110101000000101
00000000000000000001101000011110
00000000000000000011010001000010
