00000001000011010110110010011011
00000000000000000000000000000110
00000000000000000000000000000110
00000000000000000000000000000110
00000001010110110000001001101010
11111111011100000010011101111111
11111111100110101001011111110000
11111111111101101000010000010110
00000000000010110100010101000000
00000000000101100111000010010101
00000000000001111011001010101100
00000000000000101101000101010101
11111111111011000000000000100100
11111111111011000110000011000110
11111111111100100110010000000110
11111111111001110001111011001101
00000000000010101000001111111010
11111111111111001110011111111010
11111111111000101110010011011000
00000000000010010001101101010010
00000000000010011101110010011000
11111111111001000100110101111101
11111111111111011000111101011010
00000000000010010001101101010010
11111111111111101001011101011111
11111111111101101110010010111010
00000000000000010000100000001010
00000000000110010100000111100011
00000000000011010101010101001000
11111111111100001110000101111010
11111111111100000011101000011010
00000000000010101000001111111001
00000000000111001011101010010010
11111111111101010111110000010011
11111111111001000100110101111101
00000000000000110011000111110111
00000000000000111101100101011000
00000000000010101000001111111001
11111111111110111100011000010000
11111111111110011011011000001000
00000000000000100111000010110010
00000000000001010100001000000000
11111111111111000010011010110011
11111111111111111001111101100010
00000000000010000111001111110001
11111111111100101010101011000100
11111111111100110000101101101000
00000000000011101011110111101111
11111111111011000110000011000110
00000000000000100111000010110010
00000000001000001111010010001000
11111111111101010001101101110000
11111111111110000100110101100001
11111111111111011000111101011011
11111111111010011111000000011100
11111111111110011011011000000111
00000000000001101010101010100111
11111111111110101011111000001101
00000000000001010100001000000000
11111111111101000001001101101011
00000000000000010110100010101101
00000000000010010001101101010001
00000000000001010100000111111111
11111111111100000011101000011001
11111111111101101110010010111010
00000000000000000110000010101001
00000000000011100101110101001100
00000000000010111000101111111101
11111111111111101001011101011110
11111111111001011011011000100101
00000000000000011100100101010001
00000000000001101010101010100111
11111111111111100011011010111100
00000000000010101000001111111010
11111111111110010101010101100110
11111111111101011101110010110110
11111111111100001001101010111011
11111111111010011111000000011100
11111111111110011011011000001000
00000000000010000001001101001101
11111111111110010101010101100100
11111111111001001010111000100010
00000000000010101000001111111010
00000000000000111101100101011001
11111111111011110011001000010101
11111111111111011000111101011011
00000000000011001111010010100101
11111111111100011010001011000001
00000000000101111101100100111100
00000000000011110110010101010001
11111111111111111001111101100011
00000000000010100010001101010111
00000000000010010001101101010010
11111111111111101001011101011111
11111111111111010010111010110111
00000000000111010001101100110101
00000000000000000000000000000101
00000000000000001010011101101000
00000000000010101000001111111010
00000000000000000000000000000110
00000000000011111100010111110011
11111111111100011010001011000000
11111111110010011010001011111011
00000000000000110111100010110101
11111111111111011110111111111110
11111111111101000001001101101100
00000000000111111000101111100000
00000000010010011011010110010011
00000000011010001001101000001100
11111111101100000001101001100000
11111111111011010000100000100111
11111111101011110101100100011001
11111111101111011011011001100000
11111111111000111110110011011100
11111111111011011100100101101101
11111111111000111000110000111000
00000000010010010101010011110000
11111111111100001001101010111011
00000000000000111101100101011001
11111111111011101101000101110001
00000000000000111101100101011001
00000000000101100000111111110010
00000000000001001110000101011100
11111111111100110000101101100111
11111111111110011011011000001000
11111111111011011100100101101110
11111111111100000011101000011010
11111111111100001001101010111011
00000000010101111001100001010010
11111110001100111110011100001001
00000000100000100001111100111000
00000001100101111000001111100100
11111110000111101101011111011111
00000000000100110000111110010100
00000000001010100011111001000101
11111111110110101111100000001111
00000000001001011100001010101111
11111111110100111111101110010000
11111111111000010011100111011100
00000000010111010001100110110101
11111111110110010011010100110001
00000000000000111101100111110000
11111111110011000011101100111100
00000000011001010100001111100101
11111111101111110000110011001011
00000000000110100110000001000001
11111111110011010101001101000011
00000000000000101111000010010100
11111111111100110111110001101001
11111111111001011011010101110100
00000000000100101110011110011010
00000000001111100011000101100000
11111111111001110110111100101010
00000000000101100011010110000001
00000000001001110001001010001001
11111111111110101011010000010011
00000000000001011011010111010000
00000000000000111101100111110000
11111111111111111000110100000100
11111111111100011011100110001101
00000000000110001110111000111011
11111111111000011101101110001010
00000000000010111100100011110011
00000000000011011000001010100111
11111111111111110101111001011010
11111111110110000001000010101000
00000000000001000100110011110000
00000000000100000010111011100001
11111111111010110100100100010011
00000000000001010000011110100001
11111111110101110001111000100011
00000000000110000110111010111001
11111111111100110010101110010010
00000000000110010101100000010110
11111111111100110001010111101010
00000000000010010001000000110111
11111111111000011100111100001000
00000000010000011101110010011110
11111111111110001011111100110011
00000000000110001001110101100101
11111111011110000110001111000011
00000000000111110000101010000011
11111111111111001011011111101101
00000010010001011011110001001101
11111111010001100110001010111010
11111110101101011111000010001100
11111111100110110010011000000011
00000000011011001100100100001101
00000000000010100011100000011010
11111111110100010011100110101110
00000000000000110100110111101101
00000000000010001100101111100001
11111111110011001010010100010011
00000000000011110100010110001000
00000000001010100100111000100001
11111101101000110101010000101001
00000010111011000000011111011111
11111011100100011111111001010001
00000000101010010001011010000001
11111111100111000101111010001011
11111111111010000000111111010101
11111111110011101100111010111010
00000000100011010111010110010011
11111111011111001110111110010111
11111111111001010001011101111111
11111111111101100001111100000111
11111111111111101000000000010011
00000000001011101000101000101011
00000000001111101110011001011000
11111111111100101011101101000110
11111111110100001100100001010110
11111111111110111001110000111001
00000000001101011100111000101100
11111111111100110001111111100100
00000000001111010011001110011000
00000000000001101011110111110101
11111111111000001011100111011001
00000000001001011011001000101111
11111111110000101101101011100101
00000000011110011110110100101111
00000000001101100000011101010100
11111101111011100111011001011001
00000100111101100010111100011010
11111101000011100100010100101110
11111101001011000111010010001110
00000000001110100100111010000110
00000000001000100110011001110111
11111111100000011010101011111111
00000000101110000101000111110000
11111111010111011111101010011001
00000100001010111010111111010111
00000101000001101100111010011011
11111001111110001011111101111110
11111010010110000100110111101001
11111011000011000110100110001111
11111011011100001111101101100111
11111011100110010111011010101001
11111100001100110101100000000110
11111100100010011000101100110000
11111101101101111100111001100101
11111110110011000001111100010011
00000000010001000000000001110101
00000000101111000100111001100110
00000000100001001101101001001011
11111111001111100001100111010010
11111110010001100111111011101001
11111101111011001101110001010101
11111100111100010100010111101010
11111100000001101101111011110101
11111011100011010100001001000111
11111010101100101000110001011011
11111011001100011101001010101110
11111011101111111001001000011001
11111011010110110101111111001111
11111011000101000101110011111100
11111000110101011010011001001110
11111100111111110001001001101001
11111101101110110111000011010000
11011110111111111100111111010000
11100101010011001110111100110100
11101100100110010101110101100101
11110011111111011010101000010111
11111101010100000001101111001111
