00000000110010011011101110101100
00000000000000000000000000000110
00000000000000000000000000000110
00000000000000000000000000000110
00000001000000111101001101010011
11111111100101000100101101101111
11111111101101000001001001000001
11111111111110001110011000010111
00000000000010000111000001011011
00000000000100001100110101001100
00000000000001011100001110001111
00000000000000100001110000011011
11111111111100010000011001111001
11111111111100010100111011010110
11111111111101011100111101011011
11111111111011010101111100000111
00000000000001111101111110100101
11111111111111011010111011111010
11111111111010100011010011100111
00000000000001101101000110011000
00000000000001110110001001010001
11111111111010110100001011110010
11111111111111100010110001001101
00000000000001101101000110011001
11111111111111101111000111111100
11111111111110010010111001110101
00000000000000001100010110110101
00000000000100101110100101100001
00000000000010011111101110111000
11111111111101001010110111101110
11111111111101000011000010011011
00000000000001111101111110100100
00000000000101011000001011001000
11111111111110000010000001101001
11111111111010110100001011110010
00000000000000100110010001110110
00000000000000101110000111001010
00000000000001111101111110100011
11111111111111001101010111100110
11111111111110110100101010001001
00000000000000011101001110111111
00000000000000111110111111010100
11111111111111010001111001000001
11111111111111111011011110101010
00000000000001100101010001000110
11111111111101100000010001010100
11111111111101100100110010101111
00000000000010110000100111000011
11111111111100010100111011010110
00000000000000011101001111000000
00000000000110001010110011101010
11111111111101111101100000001101
11111111111110100011110001111101
11111111111111100010110001001100
11111111111011110111101100011100
11111111111110110100101010000111
00000000000001001111110111011111
11111111111111000001000000110101
00000000000000111110111111010101
11111111111101110001001001011110
00000000000000010000111000010000
00000000000001101101000110011001
00000000000000111110111111010100
11111111111101000011000010011001
11111111111110010010111001110011
00000000000000000100100001100001
00000000000010101100000101100111
00000000000010001010010101010011
11111111111111101111000111111011
11111111111011000101000011111100
00000000000000010101011001101100
00000000000001001111110111011111
11111111111111101010100110100001
00000000000001111101111110100011
11111111111110110000001000101101
11111111111110000110100011000101
11111111111101000111100011110110
11111111111011110111101100011100
11111111111110110100101010001000
00000000000001100000101111101011
11111111111110110000001000101110
11111111111010111000101101001110
00000000000001111101111110100011
00000000000000101110000111001011
11111111111100110110101011101011
11111111111111100010110001001101
00000000000010011011001101011101
11111111111101010011111010100110
00000000000100011101101101010110
00000000000010111000011100010111
11111111111111111011011110101011
00000000000001111001011101001000
00000000000001101101000110011001
11111111111111101111000111111100
11111111111111011110001111110001
00000000000101011100101100100110
00000000000000000000000000000110
00000000000000000111110101011001
00000000000001111101111110100011
00000000000000000000000000000101
00000000000010111100111101110001
11111111111101010011111010100100
11111111110101110100101110001101
00000000000000101001100101101111
11111111111111100111010010101000
11111111111101110001001001011110
00000000000101111001111011011110
00000000001101110011000010110111
00000000010011100101001000111101
11111111110001000010110100111010
11111111111100011100110000101001
11111111110000111001110010000011
11111111110011100101110111100101
11111111111010101111101010010111
11111111111100100101110011100000
11111111111010101011001000111011
00000000001101101110100001011100
11111111111101000111100011110110
00000000000000101110000111001010
11111111111100110010001010001111
00000000000000101110000111001010
00000000000100001000010011101111
00000000000000111010011101111001
11111111111101100100110010101110
11111111111110110100101010001001
11111111111100100101110011100001
11111111111101000011000010011010
11111111111101000111100011110101
00000000000101101101100100101111
11111111111111000101100010010010
11111111111111011110001111110001
00000000000011111011111101000001
11111111111101000011000010011010
11111111111101000111100011110110
00000000000010111100111101110010
11111111111001101000110101110100
11111111111110010111011011001110
00000000000000010000111000010010
11111111111100110110101011101011
11111111111111010001111001000010
11111111111111000101100010010011
11111111111111100010110001001100
00000000000101000111010010111111
11111111111101110001001001011110
11111111111010010110111100111000
00000000000001110001100111110101
00000000000001001111110111100000
11111111111100100101110011100000
11111111111101000011000010011010
00000000000001100101010001000110
11111111111110110000001000101110
11111111111101100100110010101111
11111111111101011000011100000000
11111111111101000111100011110101
00000000000010111100111101110010
00000000000011101011000100110111
11111111111110101011100111010001
00000000000100001100110101001011
11111111111111000001000000110111
11111111111010100111110101000010
00000000000000000000000000000110
00000000000010110000100111000011
11111111111011100110110100010000
00000000000001101101000110011001
11111111111101100000010001010011
00000000000100000000011110011100
00000000000011011010001100101100
11111111111111001101010111100110
11111111111100100001010010000100
00000000000001001111110111011111
00000000000011101011000100110110
11111111110100101101111001101010
00000000000100000000011110011100
00000000000010101100000101100111
11111111111010000110000100101110
00000000000011001101110101111101
11111111111111110011101001010110
00000000000000011000101101100100
00000000000010011011001101011101
00000000000000111110111111010100
11111111111100010100111011010101
00000000000010001110110110101110
11111111111110111100011111011101
11111111111110000010000001101001
00000000000010000010011111111110
11111111111110000110100011000011
11111111111101001111011001001010
00000000000001100000101111101010
11111111111011100110110100010001
11111111111111000101100010010011
00000000000000111110111111010101
00000000000011000001011111001110
11111111111010000001100011010010
11111111111111010001111001000011
11111111111110000110100011000101
11111111111110000110100011000101
11111111111111100010110001001101
00000000000000000000000000000110
11111111111110110100101010001001
00000000000001001011010110000100
11111111111111000001000000111000
11111111111110101000010011011010
00000000000000111010011101111010
11111111111111100010110001001101
11111111111110011111010000100011
00000000000001001011010110000101
00000000000010111100111101110010
00000000000010011011001101011110
11111111111111011110001111110001
00000000000000101110000111001011
00000000000000000000000000000110
00000000000000000000000000000110
00000000000100000000011110011101
11111111111010010110111100111000
11111111111111101111000111111011
00000000000100001000010011110000
11111111111111011110001111110010
00000000000001011100001110001111
00000000000001111101111110100100
11111111111111111011011110101011
00000000000000000000000000000110
00000000000000100001110000011100
11111111111110110000001000101101
00000000000010101100000101100111
00000000000110101000000010100011
11111111111011111111100001110000
11111111111111101111000111111100
00000000000001001111110111100000
11111111111110000010000001101001
11111111111111101111000111111100
11111111111100100101110011100001
11111111111110111001001011100011
11111111111101110001001001011110
00000000000000010101011001101101
11111111111101010011111010100101
00000000000011001101110101111100
11111111111100110110101011101100
11111111110111101110001011001110
11111111111101111101100000001100
11111111111101110101101010111001
00000000000001001011010110000100
11111111111100100101110011100000
11111111111111001101010111100111
11111111111100011001011100110001
00000000001111100000001001001011
00000000001110010100110011001101
00000000011110110111001111011001
11111111100110000100111010100000
11111111101100111100100111100100
11111111110011100101110111100101
00000000000000110101111100011110
00000000000100100010001110110010
11111111111111101111000111111100
00000000000101011000001011001001
00000000000100101010000100000101
11111111111101001111011001001001
11111111111110000010000001101000
00000000000000101110000111001010
11111111111111011110001111110001
00000000000100111010111100010000
11111111111111100010110001001100
11111111111110000010000001101000
11111111111111101111000111111011
00000000000000100001110000011011
00000000000010010110101100000001
00000000000000101110000111001010
00000000000000010000111000010000
11111111111110010010111001110011
11111111111111010001111001000001
11111111111011110111101100011101
11111111111111000101100010010011
11111111111111011110001111110001
11111111111110111001001011100100
11111111111010111000101101001101
11111111111101100100110010101111
00000000000001100000101111101010
11111111111011100110110100010001
00000000000101011000001011001010
11111111111111000001000000111000
11111111111000011000111110011100
00000000000010110000100111000011
00000000000010001110110110101110
11111111111100010100111011010101
00000000000010111100111101110010
00000000000011101011000100110110
00000000000000110101111100011101
11111111111101100100110010101111
00000000000011101111100110010010
11111111111100100001010010000100
11111111111100110010001010001111
00000000000001000011100000110001
00000000000100011001001011111010
11111111111110101011100111010001
00000000000000000100100001100001
11111111111110010010111001110010
00000000000000101110000111001010
00000000000101111001111011011110
00000000000000000111110101011001
00000000000001001111110111100000
11111111111111011110001111110001
00000000000000000000000000000110
11111111111111000001000000110111
11111111111110000110100011000011
00000000000001101101000110011001
00000000000001111001011101001000
00000000000001101101000110011001
11111111111010100111110101000010
00000000000011001101110101111101
00000000000010101100000101100111
11111111111110011111010000100001
00000000000101011000001011001010
00000000000000001100010110110100
11111111111101110001001001011110
00000000000011011010001100101100
00000000000001100000101111101011
11111111111010000001100011010010
00000000001000110010010111101111
00000000000000100001110000011011
11111111111100110010001010010000
00000000000100001100110101001011
00000000000001001011010110000100
00000000000001000110110100101001
00000000000011001101110101111101
11111111111101000011000010011001
00000000000000000000000000000110
11111111111110011111010000100010
00000000000000110010101000100110
11111111111111011110001111110001
11111111111111011110001111110001
00000000000110011011101011110100
11111111111010101111101010010110
00000000000010011011001101011101
00000000000011001101110101111101
11111111111110111100011111011100
11111111111111000001000000110111
00000000000100111111011101101011
11111111110011000100000111001111
00000000001101100101011110100101
11111111111101011100111101011100
00000000000101011000001011001001
00000000100000011111110100010001
00000000010100001011011010101101
11111111100101001001001111001010
11111111100111111101001010000000
11111111111010000001100011010001
11111111111001110000101011001000
11111111111110101011100111010010
11111111110100010011111110101000
00000000000001110001100111110100
00000000001001100001101100011000
11111111111011010001011010101011
11111111111011010101111100001000
00000000001001000011001111111011
00000000000001001111110111011111
11111111111010100011010011100111
00000000000011100011001111100011
00000000000011010010010111011001
11111111111011110011001011000001
00000000000000000000000000000110
00000000000000100101000100010011
00000000000001111101111110100011
11111111111111000001000000110111
00000000000010000010011111111111
00000000000001100000101111101011
00000000000000011101001111000000
00000000000110000110010010001101
11111111111010100111110101000011
11111111111111001101010111100110
00000000001000110110111001001011
11111111111110101011100111010001
11111111111111010001111001000001
11111111111111000001000000111000
11111111111111100010110001001011
00000000000010101100000101101000
00000000000010011011001101011101
11111111111110011111010000100010
00000000000000111010011101111000
00000000000110011011101011110011
11111111111101111101100000001100
11111111111110110000001000101110
00000000000000110111001010000010
11111111111110100011110001111110
00000000000010011011001101011110
11111111111101110101101010111001
11111111111010100111110101000010
00000000000010000010011111111111
00000000000000010101011001101100
00000000000000111010011101111001
11111111111101000011000010011001
00000000000001100000101111101001
00000000000001001111110111011111
11111111111110000010000001101001
00000000000001100000101111101001
11111111111111101111000111111100
00000000000001111001011101001000
11111111111100100101110011100001
00000000000000111010011101111001
00000000000000000000000000000110
11111111111111010001111001000001
11111111111111100010110001001100
00000000000000010000111000010000
00000000000000000000000000000111
11111111111001000111000101011111
00000000000100011101101101010110
00000000000000010000111000010001
11111111111000110110001101010100
00000000000011011010001100101100
00000000000011000001011111001101
11111111111101101100101000000010
00000000000000110010101000100110
00000000000001001111110111011111
11111111111110000010000001101000
11111111111110011111010000100010
00000000000100000000011110011100
00000000000001111001011101000111
11111111111101101100101000000011
00000000000000000000000000000110
00000000000010110000100111000011
11111111111110001110011000010111
00000000000011011110101110000111
11111111111111111011011110101010
11111111111110001110011000010111
00000000000000010101011001101100
11111111111011100110110100010010
00000000000101000111010010111110
00000000000000100001110000011011
11111111111100110010001010001111
00000000000000111110111111010101
00000000000000100001110000011010
11111111111100000100000011001011
00000000000011101011000100110111
00000000000001111101111110100100
11111111111011010001011010101011
00000000000011011110101110001000
00000000000000111110111111010100
00000000000001100000101111101010
11111111111011111011000000010101
00000000000001100000101111101010
11111111110110110000011001100011
00000000000000110010101000100110
00000000000011010010010111011000
11111111111011101011010101101101
11111111111110011111010000100011
00000000000001000110110100101001
00000000000000111110111111010100
00000000000011010010010111011000
11111111111101001111011001001001
00000000000000101110000111001011
00000000000000010000111000010001
00000000000010110000100111000010
11111111111101111101100000001101
00000000000000111110111111010100
11111111111110000010000001101000
11111111111110010010111001110011
11111111111111010001111001000011
00000000000011010010010111011000
11111111111011001100111001010000
00000000000001010100011000111011
11111111111001111001101110000000
11111111111101110101101010111001
00000000000001011100001110001110
00000000000101001000100000100001
11111111111001111001101101111111
11111111110110110011101101011011
00000000000101011100101100100101
00000000000011001001010100100001
00000000000100100101100010101011
00000000000001111101111110100011
11111111111011000101000011111100
00000000000011011010001100101100
00000000000000001100010110110110
11111111111100011001011100110010
11111111111110110100101010001001
00000000000010001110110110101110
11111111111111011110001111110010
11111111111000110110001101010100
11111111111111111011011110101010
11111111111100101101101000110100
11111111111111111011011110101100
11111111111111100111010010100111
11111111110101010111011111010011
00000000000100010001010110100110
00000000001100100110011111010111
00000000001111011011100111101111
00000000010100000101101011101110
00000000000110100101111100001110
11111111100001100001011110010010
11111111110011001000101000101010
11111111110111111111000011011001
00000000000001110001100111110110
00000000000100000100111111111000
00000000000100110001111001011010
00000000000000000000000000000111
11111111111001111001101101111111
00000000000000100001110000011100
11111111111101100100110010110000
00000000000000011101001111000000
00000000000000100001110000011100
00000000000000111010011101111010
00000000000000000000000000000111
00000000000100100010001110110010
11111111111010101111101010010111
11111111111110111100011111011100
00000000001000000000111100110100
11111111111101101100101000000010
00000000000010100111100100001101
00000000000010011011001101011101
11111111111110011111010000100011
00000000000000000000000000000110
11111111111110100011110001111110
11111111111111010001111001000011
11111111111011110011001011000001
00000000110010100100110001100100
11111110101001110111111111001001
00000000011000010110110111111100
00000001001100010010000100101001
11111110100101111011101100011101
00000000000011100100010110011111
00000000000111111010000101000011
11111111111001000100010111010111
00000000000111000100011000000000
11111111110111110000101010110001
11111111111010001111010100110010
00000000010001011011010110100100
11111111111000101111010001000001
00000000000000101110001000111101
11111111110110010011110011101000
00000000010010111101001010101110
11111111110011110101111001000111
00000000000100111011111111001011
11111111110110100000111010010110
00000000000000100011001110000001
11111111111101101010000101001101
11111111111011000101000001111000
00000000000011100010011110110001
00000000001011101001000100111101
11111111111011011001101100110010
00000000000100001010000100001111
00000000000111010100000101111000
11111111111111000000100011000000
00000000000001000100011010001011
00000000000000101110001000111100
11111111111111111010100111101011
11111111111101010100111110110110
00000000000100101010101010111111
11111111111010010110111001000001
00000000000010001101001011110110
00000000000010100001110110110010
11111111111111111000011011111000
11111111111000100001100100110111
00000000000000110011100001010111
00000000000011000001111000000011
11111111111100000111110101101000
00000000000000111100010000100001
11111111111000010110001110100000
00000000000100100100101101000110
11111111111101100110010011000111
00000000000100101111100111111111
11111111111101100101010010001110
00000000000001101100100101001000
11111111111010010110010011100100
00000000001100010101000001111111
11111111111110101001000110110111
00000000000100100110111000110110
11111111100110100111011000000011
00000000000101110011111000000100
11111111111111011000101100000001
00000001101100111001010000000010
11111111011101010000010100100111
11111111000010001101110110000100
11111111101101000111110010100000
00000000010100010111010000101000
00000000000001111010011011010101
11111111110111001111101000101010
00000000000000100111100101100111
00000000000001101001011000011110
11111111110110011000110000101011
00000000000111010011100000011010
11111111111101110101100101100100
00000000000101000111111011000000
11111111111110110011011100010100
11111111111101011001111011110111
00000000000010111111101100010000
00000000000100101100010001010100
11111111111111100101111100101111
11111111111000101100011111110001
00000000000110100010100110010110
11111111110110111110101111110100
00000000000010000100011100101101
00000000000010111111101100010001
11111111111101101010101010101011
11111111111100011011010101101001
00000000001000010111111010011111
11111111110100111001101101110001
00000000000110011001011011110011
11111111111001100010101000010000
00000000001001010010100100100111
11111111110110001100110100110110
00000000000101000010100010100011
11111111110111010101001011000110
00000000000000000010001011111000
00000000001010010101011000010111
11111111111011111101100000001011
00000000000000111000011110011000
11111111111010011010000101101110
00000000000110000000111110110000
11111111110101110000100101101101
00000000000010001110001100101110
11111111111110110110000011100010
11111111111010010010100001011100
00000000000010011010001000100001
00000000000000110100101100010010
00000000000100011010111101000010
11111111111111010110101010001111
11111111111000110101101010010100
11111111111010101001011000001011
00000000000011000111010000011110
00000000000000101100100010100111
00000000000000101110001000111100
00000000001101010111110101110000
11111111110011101100101110100100
00000000000010000110101000011111
00000000000011111010010110010101
11111111111110100011001000111101
11111111111110011010111111010010
00000000001010011011111011101101
11111111110110000011101010010101
00000000000000111000011110011010
11111111111110010110000010010001
11111111111011010000011000001101
00000000000000111101110110110110
00000000001001101100110010000010
11111111011101111011001110000111
11111111110111101111000100011101
11111111110011111011010001100011
00000000100110110010011111100100
00000001111101101110010101111101
11111110011000111010111110111000
11111111001001010111101101101101
00000000001010001110110101000010
00000000001101101011010101110001
11111111111000011110111101101010
11111111111010101110001011001011
00000000001101111101001111011110
11111111111001001110000111010111
11111111111000011001011011001011
00000000000100101010101010111111
11111111111110110101101000000111
11111111111111110000110111101010
00000000001011000010100000010101
11111111110111011101110000001110
00000000000001100100011011011100
00000000001000000001101001010001
11111111111000111010100111010110
00000000000100001000011101111100
00000000000110011011100111100110
00000000000000000011110010001101
00000000000000110100000110110101
11111111111111101111101100101111
11111111111101000001010100110100
00000000000001101110110000111011
00000000000110110000010010011111
00000000000010110010101111100111
11111111111110100001100010100111
00000000000011101110011010100100
11111111111011111001001000100110
00000000000001100110100111010000
00000000000101111010011011011001
11111111111110111100001011011110
11111111111100011000101110011100
00000000001011100100101101010111
11111111110011100011011001111111
00000000000000010000111000111010
00000000000010111011010100101101
00000000000101000110111010001000
11111111111011100000110101100110
00000000000010110010001010001001
11111111111000101011010100110111
11111111111110000001111100110011
00000000000111010001010100100111
11111111111011011001000111010110
11111111101011101100010111101010
00000000100110110111111000000000
00000001001001011010010101011101
00000000001110000000101000110111
11111110100101000110011111011110
11111111100011000011010011000100
11111111101001101110011110011000
00000000001111101000001110001100
11111111111000010010110111110101
11111111111100111010010110000011
00000000010110100011110110111011
11111111111000000110000101001100
11111111111110101001000110110110
00000000001001000111001110010001
00000000000000111010101010001011
00000000001001100111001111100010
00000000000100001100010000000100
00000000000000000111101110010111
00000000000000110010100000100000
00000000000011110000000000111000
11111111110100111011010100000100
00000000000100110110000001010100
00000000001011010000000010011110
11111111111101011000110000111101
11111111111100000001110111101111
00000000001110010101101100011111
11111111111100011001101111010101
00000000000110100011001011110011
00000000000010001111111101000110
11111111111010000010110011100011
11111111110011101011100011101001
00000000000001101110110000111011
00000000000010000111001101111101
11111111110111110101000010010111
00000000001010011100111100100111
11111111101111110100111111100001
11111111111101010101111111110000
00000000000101111000110101000101
11111111110110001010000011101001
00000000000100001100010000000010
11111111111000111101110100000000
11111111111110111010011011000101
11111111111111100101010111010010
00000000000101101101011110110000
11111111110111100001100010010110
11111111111110111001111111101011
00000000000101101100111001010010
11111111111001110000111001110111
11111111111010000100011001111001
00000000000111000100001101111100
11111111101111101100010000011000
00000000000100000101000111001111
00000000001101010001101101110110
11111111110101110100100001111000
11111111111110011101100110011110
00000000000000110110010010100111
00000000000001100111101000000111
11111111111101000001111010010001
11111111111111000110111100010110
11111111111100110011001101001111
11111111110101100000101101110011
00000000000010110000011001110010
11111111110111000000001100001000
00000000010010100011101100110100
11111111110000101011110111011110
00000000000010010101010101100010
00000000000000011010101000111010
11111111111110010011010001000010
11111111111111101110000110011011
00000000000000111100110101111101
11111111101000010010010110101111
11111111101110000111001111100101
11111111101111110110000000010111
00000000011000110110101100100000
00000001010100001000111010001111
11111111001111110011010111111001
11111110111010011010010001110001
00000000010101110001010110100000
00000000001000011111000011010100
11111111111001101111010011100011
11111111111000100101111100011011
11111111111011010011001001011011
00000000010010011011100011000111
11111111101001111111010111001101
00000000000111101011010111111111
00000000000000100001100111101011
11111111111101000100101011011111
11111111111111110100101001110001
11111110110000100100011111011010
00000000011000011011001111100010
11111111101000111011000011111101
00000011000010011000111111110011
00000100110001101110111011111011
00000010011011100101100100011010
11111011110100110011100110101010
11111101001110100110011111011100
11111101011001010000101001111111
11111100110111100101100111010010
11111101000001101001000001001101
11111101100110100101111101110101
11111101011110110000010000011110
11111101101100001100011101101101
11111101011110000011110111111110
11111101101010011000011001110101
11111110010010001000000011001111
11111101111011101100011101011100
11111101110011001011011011001011
11111110011001101110110111100101
11111110100010000001001010110111
11111110111100110101111111111011
11111111001010001001001111010110
11111111011110111001011101101100
11111111110111110111100010010100
00000000010000010010100000010111
00000000011001101001000001000010
00000000010100111111100001000100
00000000011110000101010000010000
00000000001011000111001001011011
11111111110011000111000101100100
11111111100001100110011011010011
11111111001000101010011011001000
11111111000100000001000010100001
11111110111011011101111001000110
11111110110101101010100011111001
11111110101011101100000111000001
11111110001101111110100100100011
11111101111111101101001101000000
11111101110010010010011100000011
11111101110111110010111011010110
11111101100000100000101110111110
11111101010111010100000101101010
11111101000111101110101000110011
11111101010010000001010010100100
11111101100001011111111101010110
11111101110001010111100111111100
11111101110010100001100001110011
11111101011010010110001010010110
11111101100000101001111100001101
11111101101110000010001010100111
11111101001010010000101110001011
11111100111010100110100000010101
11111100010000100111001011010010
11111011111011110101010011011000
11111110101110100111000111000001
00000010000100011001111000101100
11111101100100100000101111111001
11110010000111011000100000000100
11101101000101101100000101010111
11101111000000111001101000010010
11110011011101010101011011110010
11110100101000100000010110011101
11110110010101001001100011111010
11111000100010000111111011101010
11111010011001000110100100000010
11111100101001110000111011110011
11111111010001100100000000100001
00000000011001110010101111000100
00000001001100011101000001001000
00000001110001111100010000001011
00000010011001001110001100001011
00000011000101000111011100011000
00000011101101001000011111011001
00000011111101010101111000100001
00000100001011011100010111110001
00000100101100000001100110110100
00000100111110011101100111111101
00000101001000010001111110000100
00000101000101010100001001101000
00000100111100111111101010100011
00000100100111001010110101010111
00000011110011110001011001100110
00000011001110001010001000001101
00000010010110100111001101101111
00000001111001111111011100001111
00000000111011000000010110111111
11111111110011111111101011001101
11111111010001001100000101100010
11111110111100100101000001101111
11111110100100001011110001010111
11111110000110101101101011011001
11111110000001111010110100001011
11111101101110111011111001001110
11111101101111101001111010101100
11111110000111001001001011000101
11111101110110011100011000110111
11111110000000010000111001000001
11111110000111000110100001001100
11111101100011101101111000100110
11111101111000000011110110110110
11111101110111011111101111011001
11111101101011111111000101101001
11111101101100100001111111100000
11111101011001101010101000101100
11111101011000000011111100111001
11111110000100110111110100011110
11111110010010111100011001011001
11111110101001100001010001000101
11111110011100010101110111010010
11111101101111010101111100100101
11111101110011110001000011100011
11111101110110000110000111100101
11111110000000111101011011100010
11111110000011000010001001100010
11111101111000000110100101011001
11111101100001101100100101111011
11111101011111110111101111110110
11111101110100110011011011111010
11111101111100111101001110101101
11111101111001100001010000101110
11111101001100100000010110100100
11111111011001011001111100110011
00000011110110111010101010101011
00001001010000011011011010010111
00001110010000110001001100010010
00000110110101110011110110101001
11111010100000101000001101001011
11111010010111001001101010111010
11111011110011001100110100110000
11111100000001110010011001001000
11111011110000101100011111101111
11111100100000000110110110111101
11111100101011011101011100101010
11111100011110000010100100010111
11111100101100100111100101111101
11111100111111001101110010100011
11111101000000011000011110100111
11111101001000101101111011111000
11111101001111110001010010110101
11111101001000110010100111011111
11111101010111011001110100110111
11111101100011010011010010011101
11111110001001011001010100110011
11111110010110100111001001000100
11111110010100110101001011101000
11111110011111000111001101001100
11111110001011001101101010110010
11111110101000001110110100110000
11111111000000100111100111000010
11111111000111101111011111101011
11111111001110100111001100001111
11111111000100110011101100111100
11111110111111100011010100010001
11111110111001100111010010101011
11111111000000000010011110101111
11111111000010001011111000011000
11111111000010010011001000100001
11111110110101000101000000001001
11111110100110000001001000001111
11111110011000000101111101010011
11111110110110100100000011000101
11111110101001110111100010010100
11111110010010100001001000011010
11111110010011001011110000100011
11111110000010000010011101110010
11111110010010011010101010011100
11111110110111000100111001001110
11111111001101100011001110010010
00000000001000100110011110010110
00000000111100110111101110010101
00000010000010000101101101001000
00000011001110110011110110100110
11111111111011001000110000101001
11101101111001000001100111010011
11100110101001010100001001001001
11100111100100001010011010000010
11101101000110101111101100000000
11110000111110000110111000110010
11110101000100101000110100001100
11111000011101011110100101101110
11111010101111101011000111101010
11111100000100010111010100100100
11111111001001000110010010111110
00000001110100001000111110100011
00000011010101000101111001110000
00000100010010001111010010001001
00000101101110000111001011000001
00000110100111101000011111100110
00000111101010000000100100111010
00001000011101110010110100100000
00001001100110000110010101111111
00001010010101101000010100000111
00001010110110100111101011001010
00001010100011001010001111110110
00001010000001100100010011011111
00001001001000001110001011010000
00000111111101111011000100110001
00000110110000100010000111100000
00000101000100101010110000010111
00000011011010110001010111110111
00000010010110010010111110001100
00000001110100110000111110000000
00000000111100000010001100100011
00000000001011111010000101010000
11111111101010101111000011110001
11111111110100100011011001111010
11111111110101000111010100101001
11111111100011001110010111011010
11111111010011010011001001011000
11111110110010001000100011010111
11111110111010010010010110001101
11111110110110010100010101001100
11111110100011111001101001000000
11111110100110110101101101000011
11111110101100111111100010001100
11111110011001100010010011101000
11111110001111000111110100010101
11111110001110001110001011000110
11111110001011111010110111011011
11111110001100110110011000010101
11111101111000101100000111001001
11111110011100100111010011100110
11111110111001111100101111000011
11111110000100011011100000101011
11111110111100101101001110000110
11111110110100000001101001100111
11111110111110001001011101000110
11111110011110000010111101001000
11111110010100000110000001111001
11111110100000110101010001001101
11111110011010010010001111100000
11111110100001010111001000001101
11111111011001000100010010000011
11111101110001000100011011111110
11111101110100011011111000011000
11111110001110100011101010001100
11111101101110100110001101011000
11111101110111110010101001111101
11111101101100010001000110101010
11111101001110001010111001001010
11111110010000101010101001100010
00000010001110100110000000111010
00000111000100101110100001011100
00001100101010100011110000100100
00001001100011011001011001110011
11111100011011101010110000010101
11111001111101110111000010101101
11111011001111001001011001010011
11111011000111111010001101110111
11111010110010010010011101011010
11111010111011001101100001000011
11111011011000110110101001010100
11111011010001100000100001110010
11111011011110001011010110110100
11111011000100000010110010111000
11111010111101000100011000111010
11111011000001010011101110000111
11111010110000111000001000010011
11111110100100110101111010000101
