00000001000011010110110010011011
00000000000000000000000000000110
00000000000000000000000000000110
00000000000000000000000000000110
00000001010110110000001001101010
11111111011100000010011101111111
11111111100110101001011111110000
11111111111101101000010000010110
00000000000010110100010101000000
00000000000101100111000010010101
00000000000001111011001010101100
00000000000000101101000101010101
11111111111011000000000000100100
11111111111011000110000011000110
11111111111100100110010000000110
11111111111001110001111011001101
00000000000010101000001111111010
11111111111111001110011111111010
11111111111000101110010011011000
00000000000010010001101101010010
00000000000010011101110010011000
11111111111001000100110101111101
11111111111111011000111101011010
00000000000010010001101101010010
11111111111111101001011101011111
11111111111101101110010010111010
00000000000000010000100000001010
00000000000110010100000111100011
00000000000011010101010101001000
11111111111100001110000101111010
11111111111100000011101000011010
00000000000010101000001111111001
00000000000111001011101010010010
11111111111101010111110000010011
11111111111001000100110101111101
00000000000000110011000111110111
00000000000000111101100101011000
00000000000010101000001111111001
11111111111110111100011000010000
11111111111110011011011000001000
00000000000000100111000010110010
00000000000001010100001000000000
11111111111111000010011010110011
11111111111111111001111101100010
00000000000010000111001111110001
11111111111100101010101011000100
11111111111100110000101101101000
00000000000011101011110111101111
11111111111011000110000011000110
00000000000000100111000010110010
00000000001000001111010010001000
11111111111101010001101101110000
11111111111110000100110101100001
11111111111111011000111101011011
11111111111010011111000000011100
11111111111110011011011000000111
00000000000001101010101010100111
11111111111110101011111000001101
00000000000001010100001000000000
11111111111101000001001101101011
00000000000000010110100010101101
00000000000010010001101101010001
00000000000001010100000111111111
11111111111100000011101000011001
11111111111101101110010010111010
00000000000000000110000010101001
00000000000011100101110101001100
00000000000010111000101111111101
11111111111111101001011101011110
11111111111001011011011000100101
00000000000000011100100101010001
00000000000001101010101010100111
11111111111111100011011010111100
00000000000010101000001111111010
11111111111110010101010101100110
11111111111101011101110010110110
11111111111100001001101010111011
11111111111010011111000000011100
11111111111110011011011000001000
00000000000010000001001101001101
11111111111110010101010101100100
11111111111001001010111000100010
00000000000010101000001111111010
00000000000000111101100101011001
11111111111011110011001000010101
11111111111111011000111101011011
00000000000011001111010010100101
11111111111100011010001011000001
00000000000101111101100100111100
00000000000011110110010101010001
11111111111111111001111101100011
00000000000010100010001101010111
00000000000010010001101101010010
11111111111111101001011101011111
11111111111111010010111010110111
00000000000111010001101100110101
00000000000000000000000000000101
00000000000000001010011101101000
00000000000010101000001111111010
00000000000000000000000000000110
00000000000011111100010111110011
11111111111100011010001011000000
11111111110010011010001011111011
00000000000000110111100010110101
11111111111111011110111111111110
11111111111101000001001101101100
00000000000111111000101111100000
00000000010010011011010110010011
00000000011010001001101000001100
11111111101100000001101001100000
11111111111011010000100000100111
11111111101011110101100100011001
11111111101111011011011001100000
11111111111000111110110011011100
11111111111011011100100101101101
11111111111000111000110000111000
00000000010010010101010011110000
11111111111100001001101010111011
00000000000000111101100101011001
11111111111011101101000101110001
00000000000000111101100101011001
00000000000101100000111111110010
00000000000001001110000101011100
11111111111100110000101101100111
11111111111110011011011000001000
11111111111011011100100101101110
11111111111100000011101000011010
11111111111100001001101010111011
00000000000111101000001111011100
11111111111110110001111010101111
11111111111111010010111010111000
00000000000101010000011111101101
11111111111100000011101000011001
11111111111100001001101010111011
00000000000011111100010111110011
11111111110111100000001110000001
11111111111101110100010101011101
00000000000000010110100010101101
11111111111011110011001000010100
11111111111111000010011010110011
11111111111110110001111010101111
11111111111111011000111101011100
00000000000110110101000111101011
11111111111101000001001101101011
11111111111000011101110011010100
00000000000010010111101111110101
00000000000001101010101010100110
11111111111011011100100101101110
11111111111100000011101000011001
00000000000010000111001111110001
11111111111110010101010101100100
11111111111100110000101101101000
11111111111100100000001101100011
11111111111100001001101010111100
00000000000011111100010111110011
00000000000100111001111101000101
11111111111110001111010011000001
00000000000101100111000010010101
11111111111110101011111000001100
11111111111000110100010101111001
00000000000000000000000000000110
00000000000011101011110111101111
11111111111010001000011101110101
00000000000010010001101101010010
11111111111100101010101011000101
00000000000101010110100010010000
00000000000100100011011010011111
11111111111110111100011000010001
11111111111011010110100011001010
00000000000001101010101010100110
00000000000100111001111101000111
11111111110000111011100110011111
00000000000101010110100010010001
00000000000011100101110101001100
11111111111000000111010000101100
00000000000100010010111010011010
11111111111111101111100000000001
00000000000000100001000000001111
00000000000011001111010010100101
00000000000001010100000111111111
11111111111011000110000011000111
00000000000010111110110010100001
11111111111110100101110101101001
11111111111101010111110000010011
00000000000010101110010010011100
11111111111101011101110010110110
11111111111100010100001000011101
00000000000010000001001101001110
11111111111010001000011101110011
11111111111110110001111010101111
00000000000001010100000111111111
00000000000100000010011010010111
11111111111000000001001110001001
11111111111111000010011010110100
11111111111101011101110010110101
11111111111101011101110010110110
11111111111111011000111101011010
00000000000000000000000000000110
11111111111110011011011000001001
00000000000001100100101000000100
11111111111110101011111000001100
11111111111110001010111000000100
00000000000001001110000101011101
11111111111111011000111101011010
11111111111101111110110010111101
00000000000001100100101000000100
00000000000011111100010111110011
00000000000011001111010010100101
11111111111111010010111010110111
00000000000000111101100101011000
00000000000000000000000000000110
00000000000000000000000000000111
00000000000101010110100010010000
11111111111000011101110011010011
11111111111111101001011101011111
00000000000101100000111111110001
11111111111111010010111010111000
00000000000001111011001010101100
00000000000010101000001111111010
11111111111111111001111101100100
00000000000000000000000000000110
00000000000000101101000101010100
11111111111110010101010101100101
00000000000011100101110101001100
00000000001000110110010100110011
11111111111010101001011101111100
11111111111111101001011101100000
00000000000001101010101010100111
11111111111101010111110000010010
11111111111111101001011101011110
11111111111011011100100101101101
11111111111110100001011010101010
11111111111101000001001101101100
00000000000000011100100101010001
11111111111100011010001011000000
00000000000100010010111010011011
11111111111011110011001000010110
11111111110100111100011001001011
11111111111101010001101101110000
11111111111101000111010000001110
00000000000001100100101000000011
11111111111011011100100101101110
11111111111110111100011000010000
11111111111011001100000101101000
00000000010100101101000011011111
00000000010011001000011011100010
00000000101001001110000001110100
11111111011101011000001101011101
11111111100110100011011101001110
11111111101111011011011001100000
00000000000001001000000010111010
00000000000110000011100111011111
11111111111111101001011101011110
00000000000111001011101010010010
00000000000110001110000100111111
11111111111100010100001000011100
00000001000000011110000010100011
00000000010010000011000100101100
00000100001101011011001001010100
00000100001101011011001001010100
00000100001101011011001001010100
00000100100100101010110101101111
00000001100010101111011001111101
11111100011100111111010110010101
11111011110011101000000010111011
11111101000000001101010100001001
11111101100011010100011111010100
11111101101001011000000110101100
11111101100001010110100001010101
11111101000011110110011000011001
11111100111111010001010110011011
11111101010010100010100111110100
11111101001011110111111101110000
11111101011011110110101101100000
11111101111100100011010101100010
11111101100000100111110100100010
11111101100100110111011111101101
11111110000101000111100010100110
11111101101101101011000001000001
11111101100011000011111111001111
11111101101001000101111111000011
11111101110001011111101110100110
11111101110111010001001110010110
11111101111110001111001011111000
11111110011111101011101100100001
11111110100001000011000011100110
11111101110110100101110000101100
11111101101111000111111110111000
11111101111111111001110110011000
11111110011011000010001111100110
11111110100101101111010011111010
11111110011010000100101010010100
11111110101110101000011100000001
11111110111001100100011000110100
11111111000101100011111101011100
11111111000111011001000101011110
11111111010010011011000100110110
11111111010100011010101010011001
11111111100110011100001110110101
11111111110010110010010110000101
11111111110110110111100011101111
00000000010101110111111001101101
00000000001101011110001010001010
00000000001111100011110010010000
00000000011011100011010110110111
00000000011000100110001100000011
00000000001110001001100111110011
00000000100010000001111011110111
00000000011001100011110001010110
00000000001110111000010100100101
00000000000111100010001100111010
11111111111100000101001111111110
11111111101110110001100011011011
11111111101001010110100110010010
11111111011111110100110011111011
11111111010011100100101111001101
11111111001000010010001111110010
11111111000100111100111010110001
11111111000110111000000101010110
11111111001000000001101111101110
11111110111100011110110000010001
11111110110100110110100000111010
11111110111011110001101011000001
11111110110101011001001000101000
11111110101100011110011000111100
11111110100000000011110110101110
11111110001101100101101101000110
11111110001100010001100101001110
11111110000110101100001010100011
11111101110101101100100110011000
11111101111100011011101011011010
11111101111110000110010101111010
11111101111110111001011101101101
11111101110100011010000110000011
11111101100100100100001100001111
11111101011110111101001010000001
11111101100001010100111001110000
11111101011001000001001100110000
11111101010000111101111111110100
11111101001111010001101101101110
11111101100001000010110010001000
11111101101011001101001110101111
11111101101010110000101001100100
11111101110001000011001001011100
11111101111100001011001011010110
11111101111111110001000000011100
11111101111000010000011011001100
11111101100111110011011110101110
11111101100000011011101111011100
11111101101010100000001001100001
11111101101011001101001110110000
11111101101001101101000001101111
11111101111000011010111000101110
11111101101101000101100101111010
11111101000110101001000101101101
11111101000111111101001101100111
11111101000010010111110010111110
11111100110100000010000110001010
11111100011011010011000100010001
11111011110011001010010001111101
11111100010101010110001111100000
11111110000100001101111100100000
11111111001110011110010001011000
00000000101001100010000101010101
00000010000001110010011011111010
00000001000011000000010111001110
11111011111111100100001011100100
11110101111000001000110111101001
11110001100011000000101000010111
11101110100111100011001110010110
11101101111110111010100111110010
11101110111111111000000010110000
11110000011000101111110000010010
11110011001011010000010111010001
11110100101101011011110110001100
11110100111110000111101011001010
11110101011111010110011111001010
11110110001101001010010010111001
11110111001111110011111111111101
11111000010010111010010010001110
11111001010100001011011100011011
11111010001100111100110100100001
11111011000011011100011111011110
11111011111110010111111010101001
11111101010010101100101001100101
11111110101010011100110000000100
11111111101101000101010001010100
11111111111111011011110000110100
00000000100100101100111111000010
00000000111110111101110101100001
00000001001110000000100111100100
00000001011111011111100100010011
00000001110011101000011000011011
00000010000001100001100000000011
00000010011000010000111100011010
00000010101111100011000000011101
00000010111110011001101101011010
00000011011001010001100110100011
00000011100011111101000011010011
00000011101011001101001000011101
00000011110100100000000010010101
00000011101111000011011101101000
00000100000001110000011111101110
00000100011010011100101110001110
00000100011111011100101101110001
00000100011100110010110110011000
00000100110101001000100010010001
00000100110100111000000010001101
00000100110101011111000100111001
00000100110111110110110100101000
00000100110001011110010010001110
00000100101011110111001111111110
00000100101100011111111010001111
00000100010111110110000101111110
00000100010010110001101011011101
00000100000000110111110001001001
00000011011011010000000000010010
00000011000000011100100010000110
00000011000001011011101110111110
00000010100111001000000101000111
00000010000010011100010001111101
00000001110010111100111010110000
00000001101111101001001101010100
00000001010110101001101011010110
00000000101001110001110101010100
11111111111110000110011101000101
11111111101101001100111011011101
11111111100101010101110011100111
11111111001101000111110001110100
11111110111100110011101011010011
11111111000010010110010010100011
11111110101110110110001000101100
11111110100001111101011001101110
11111110100010100001101001000000
11111110000010111010010000011000
11111110000101101100111101101100
11111110001010011100011101001011
11111101111110101000111101100111
11111101110100110101000011101001
11111101110000001011100110101101
11111101111001100111010110100000
11111110001111010100110010100110
11111110010001000111000111001110
11111101110111010001001110010111
11111110000001001001100011010100
11111110000111000111001000001001
11111110000111111110101010111000
11111110001011011110011101011011
11111110010001011101101001110111
11111101110000001101001110010010
11111101101001010000011100100101
11111101111100000101001000110011
11111110000001010101101000011010
11111101111111011010011101110101
11111101111101001000110000101000
11111101111100101101110011000011
11111101101111100100100100000001
11111101110101000101100011101101
11111101110111011000111000011101
11111101100001011111010111010001
11111101100101111000010100001001
11111101011011010111010100111011
11111101100011101001011010010110
11111110000001101010100011011100
11111110010001001111111101001100
11111110010101011100110100111100
11111110011010110001101111100010
11111110100110000100001110111101
11111110101101110000111001010001
11111110110110111001010101100111
11111110011010101010100001001010
11111101110110110000001110001110
11111101110110111010101011101111
11111101111011111010101011010001
11111101111001110011011011100111
11111110000001101100001011000001
11111101111100000101001000110011
11111110000011011011010000100000
11111110001011010011111111111011
11111110000101110011000000001111
11111110001000001111001010111100
11111110010000010011111111011101
11111101111010000001001000010001
11111101100101111100101111001000
11111101101100110001110110101101
11111101101010100110001100000100
11111101101000011000111001110101
11111101110101010000000001001101
11111110000010101001110000010011
11111101111100010101101000110111
11111110001000011011010000000010
11111110000001011011101010111101
11111101111100111000010000100011
11111101110100101100001101101100
11111101010010101001110110001010
11111110001100101110111010011100
00000000001100010110110111011011
00000010001100100100001111011111
00000100100011011110010000100000
00000110110011110110011101011011
00001001100111010111011101000101
00001100010011101101001110010011
00001101010110101101001001101100
00001011001001111010011101100100
00000100011001001000011001011100
11111100110110101100110101000011
11111001111110100111100011011111
11111001101111010000100110011111
11111011001001110000100110111010
11111011101111101010011111011010
11111100000111010111100001000100
11111100011100001000111111011011
11111100001011111000001000000010
11111100001111011001011010101111
